battery_id,cycle_count,ambient_temperature_c,discharge_current_a,avg_voltage_v,max_temperature_c,internal_resistance_mohm,capacity_ah,soh_pct
B0005,20,24.0,2.013,3.5732,38.45,114.12,1.847,92.35
B0005,21,24.0,2.012,3.5727,38.99,112.82,1.8474,92.37
B0005,22,24.0,2.012,3.5743,38.51,113.63,1.8362,91.81
B0005,23,24.0,2.012,3.5754,38.17,112.22,1.8258,91.29
B0005,24,24.0,2.012,3.5729,38.17,112.24,1.8251,91.26
B0005,25,24.0,2.012,3.5697,38.28,112.98,1.8256,91.28
B0005,26,24.0,2.012,3.5742,37.98,112.24,1.814,90.7
B0005,27,24.0,2.012,3.5696,38.11,113.41,1.8148,90.74
B0005,28,24.0,2.013,3.5673,38.19,112.31,1.814,90.7
B0005,29,24.0,2.012,3.5722,38.0,113.27,1.8028,90.14
B0005,30,24.0,2.013,3.5685,38.19,112.33,1.8041,90.2
B0005,31,24.0,2.013,3.5704,38.46,114.43,1.8518,92.59
B0005,32,24.0,2.013,3.573,38.49,116.4,1.8307,91.54
B0005,33,24.0,2.012,3.5722,38.31,117.23,1.8199,91.0
B0005,34,24.0,2.012,3.5702,37.86,116.6,1.8093,90.46
B0005,35,24.0,2.012,3.5678,37.91,118.16,1.8046,90.23
B0005,36,24.0,2.013,3.5702,38.34,119.43,1.7994,89.97
B0005,37,24.0,2.012,3.5693,38.07,116.79,1.7884,89.42
B0005,38,24.0,2.012,3.5668,38.07,118.17,1.7829,89.14
B0005,39,24.0,2.012,3.5658,37.8,118.12,1.773,88.65
B0005,40,24.0,2.013,3.5633,38.4,118.08,1.773,88.65
B0005,41,24.0,2.013,3.5665,38.75,118.12,1.7679,88.4
B0005,42,24.0,2.013,3.5663,38.87,118.16,1.7623,88.12
B0005,43,24.0,2.013,3.5645,38.5,117.8,1.7676,88.38
B0005,44,24.0,2.012,3.5631,38.27,117.8,1.7627,88.14
B0005,45,24.0,2.012,3.5602,38.12,120.73,1.7517,87.58
B0005,46,24.0,2.013,3.5599,38.04,119.29,1.7418,87.09
B0005,47,24.0,2.012,3.5578,38.18,120.92,1.7361,86.8
B0005,48,24.0,2.012,3.5697,40.71,120.92,1.7936,89.68
B0005,49,24.0,2.012,3.5722,39.89,119.57,1.7832,89.16
B0005,50,24.0,2.012,3.5675,39.18,120.88,1.7674,88.37
B0005,51,24.0,2.012,3.5632,38.95,121.87,1.757,87.85
B0005,52,24.0,2.012,3.5614,38.61,120.68,1.7469,87.34
B0005,53,24.0,2.012,3.5592,38.92,120.83,1.7417,87.08
B0005,54,24.0,2.012,3.5595,39.23,120.75,1.7364,86.82
B0005,55,24.0,2.012,3.5572,38.96,122.06,1.7263,86.32
B0005,56,24.0,2.012,3.5564,38.84,121.11,1.7158,85.79
B0005,57,24.0,2.012,3.5543,38.83,121.58,1.7105,85.52
B0005,58,24.0,2.013,3.5537,39.14,122.25,1.706,85.3
B0005,59,24.0,2.013,3.5544,39.35,122.02,1.7003,85.02
B0005,60,24.0,2.012,3.5514,39.29,120.67,1.6946,84.73
B0005,61,24.0,2.012,3.5509,39.1,122.34,1.6849,84.24
B0005,62,24.0,2.012,3.5499,39.05,122.01,1.6745,83.72
B0005,63,24.0,2.013,3.5477,39.4,123.26,1.6746,83.73
B0005,64,24.0,2.012,3.5475,39.11,123.13,1.6637,83.18
B0005,65,24.0,2.013,3.5488,39.44,123.13,1.659,82.95
B0005,66,24.0,2.012,3.5437,39.51,123.23,1.6539,82.7
B0005,67,24.0,2.012,3.5433,39.33,123.08,1.6427,82.14
B0005,68,24.0,2.013,3.5407,39.44,124.41,1.6379,81.9
B0005,69,24.0,2.013,3.5403,39.51,123.09,1.6327,81.64
B0005,70,24.0,2.012,3.5384,39.6,123.69,1.6278,81.39
B0005,71,24.0,2.012,3.5359,39.69,123.92,1.6221,81.1
B0005,72,24.0,2.012,3.5371,39.54,124.41,1.6113,80.56
B0005,73,24.0,2.013,3.5344,39.65,123.24,1.6066,80.33
B0005,74,24.0,2.012,3.5319,39.7,124.57,1.6015,80.08
B0005,75,24.0,2.012,3.5325,39.56,123.89,1.5904,79.52
B0005,76,24.0,2.013,3.5296,39.64,124.56,1.5858,79.29
B0005,77,24.0,2.012,3.5263,39.44,125.56,1.5849,79.24
B0005,78,24.0,2.012,3.5329,39.84,125.56,1.5955,79.77
B0005,79,24.0,2.012,3.5268,39.42,134.22,1.5747,78.74
B0005,80,24.0,2.013,3.5233,39.26,135.26,1.5649,78.24
B0005,81,24.0,2.013,3.5221,39.47,135.53,1.5598,77.99
B0005,82,24.0,2.013,3.5218,40.04,135.84,1.5595,77.98
B0005,83,24.0,2.013,3.5228,40.14,137.1,1.5547,77.74
B0005,84,24.0,2.013,3.5194,40.12,138.21,1.5489,77.44
B0005,85,24.0,2.012,3.5181,39.88,138.03,1.5382,76.91
B0005,86,24.0,2.013,3.5153,39.62,139.5,1.5279,76.4
B0005,87,24.0,2.013,3.5139,40.07,139.67,1.5285,76.42
B0005,88,24.0,2.012,3.5172,40.25,141.28,1.5226,76.13
B0005,89,24.0,2.013,3.5164,40.3,139.12,1.5175,75.88
B0005,90,24.0,2.013,3.5307,40.09,139.59,1.6058,80.29
B0005,91,24.0,2.013,3.5272,40.52,134.37,1.5638,78.19
B0005,92,24.0,2.013,3.5235,40.57,139.69,1.5481,77.4
B0005,93,24.0,2.013,3.5228,40.28,137.67,1.5324,76.62
B0005,94,24.0,2.012,3.5167,40.29,140.02,1.527,76.35
B0005,95,24.0,2.012,3.5163,40.18,139.17,1.517,75.85
B0005,96,24.0,2.013,3.514,40.32,141.16,1.5119,75.6
B0005,97,24.0,2.013,3.513,40.34,141.0,1.5066,75.33
B0005,98,24.0,2.012,3.5108,40.43,140.64,1.5015,75.08
B0005,99,24.0,2.013,3.5119,40.31,141.0,1.4908,74.54
B0005,100,24.0,2.013,3.5108,40.39,140.66,1.4859,74.3
B0005,101,24.0,2.012,3.509,40.43,141.14,1.4804,74.02
B0005,102,24.0,2.013,3.5076,40.44,141.23,1.4752,73.76
B0005,103,24.0,2.013,3.505,40.58,141.41,1.4859,74.3
B0005,104,24.0,2.013,3.5146,41.0,136.58,1.4961,74.8
B0005,105,24.0,2.013,3.5086,41.0,143.97,1.4808,74.04
B0005,106,24.0,2.013,3.5072,40.84,143.5,1.4698,73.49
B0005,107,24.0,2.013,3.5016,40.69,142.58,1.4539,72.69
B0005,108,24.0,2.013,3.5028,40.7,142.8,1.4541,72.7
B0005,109,24.0,2.013,3.5015,41.06,143.83,1.455,72.75
B0005,110,24.0,2.013,3.5009,41.2,143.14,1.449,72.45
B0005,111,24.0,2.012,3.5001,40.84,144.44,1.4387,71.94
B0005,112,24.0,2.013,3.4979,40.76,144.59,1.4334,71.67
B0005,113,24.0,2.013,3.4965,41.11,145.86,1.4334,71.67
B0005,114,24.0,2.013,3.4982,41.27,145.75,1.4281,71.4
B0005,115,24.0,2.013,3.4965,41.16,144.74,1.4229,71.14
B0005,116,24.0,2.012,3.4932,41.03,144.78,1.4174,70.87
B0005,117,24.0,2.013,3.4904,40.94,144.73,1.4124,70.62
B0005,118,24.0,2.013,3.4901,41.24,147.63,1.4126,70.63
B0005,119,24.0,2.013,3.4936,41.44,146.01,1.4076,70.38
B0005,120,24.0,2.013,3.4968,41.17,144.67,1.4334,71.67
B0005,121,24.0,2.013,3.5018,41.36,144.67,1.4383,71.91
B0005,122,24.0,2.013,3.4967,41.02,146.83,1.4174,70.87
B0005,123,24.0,2.013,3.4927,40.79,146.89,1.407,70.35
B0005,124,24.0,2.013,3.4895,40.82,150.55,1.4012,70.06
B0005,125,24.0,2.013,3.4874,40.86,148.77,1.3967,69.84
B0005,126,24.0,2.013,3.486,40.84,148.62,1.3913,69.56
B0005,127,24.0,2.012,3.4839,40.85,148.5,1.3862,69.31
B0005,128,24.0,2.012,3.4821,40.75,149.5,1.3804,69.02
B0005,129,24.0,2.012,3.4818,40.69,150.1,1.3752,68.76
B0005,130,24.0,2.013,3.4787,40.78,148.83,1.3705,68.53
B0005,131,24.0,2.012,3.4774,40.88,151.63,1.3705,68.53
B0005,132,24.0,2.013,3.4763,40.81,151.52,1.3647,68.24
B0005,133,24.0,2.012,3.4826,41.12,151.09,1.3754,68.77
B0005,134,24.0,2.012,3.4897,41.25,151.09,1.3861,69.31
B0005,135,24.0,2.012,3.4845,41.16,151.09,1.3699,68.49
B0005,136,24.0,2.012,3.4777,41.16,134.85,1.3648,68.24
B0005,137,24.0,2.012,3.4773,40.86,135.69,1.3543,67.72
B0005,138,24.0,2.012,3.4776,41.25,138.15,1.3546,67.73
B0005,139,24.0,2.012,3.4764,41.45,138.72,1.3547,67.74
B0005,140,24.0,2.012,3.4739,41.28,138.33,1.3493,67.46
B0005,141,24.0,2.012,3.4699,41.06,137.45,1.3442,67.21
B0005,142,24.0,2.013,3.468,40.99,139.49,1.339,66.95
B0005,143,24.0,2.013,3.4695,41.29,138.74,1.3389,66.94
B0005,144,24.0,2.012,3.4705,41.23,139.7,1.334,66.7
B0005,145,24.0,2.012,3.4665,41.05,138.72,1.3286,66.43
B0005,146,24.0,2.012,3.4641,40.86,138.93,1.3232,66.16
B0005,147,24.0,2.012,3.464,40.79,137.83,1.3182,65.91
B0005,148,24.0,2.013,3.466,41.14,139.33,1.3185,65.92
B0005,149,24.0,2.013,3.4636,41.14,136.75,1.3183,65.92
B0005,150,24.0,2.013,3.4613,40.66,146.91,1.3239,66.2
B0005,151,24.0,2.013,3.477,41.05,138.64,1.3601,68.01
B0005,152,24.0,2.013,3.4728,41.05,146.39,1.3395,66.97
B0005,153,24.0,2.012,3.4704,40.87,146.73,1.329,66.45
B0005,154,24.0,2.012,3.4681,40.85,147.04,1.3237,66.18
B0005,155,24.0,2.012,3.4653,40.85,147.95,1.3186,65.93
B0005,156,24.0,2.013,3.4645,40.83,145.52,1.3135,65.68
B0005,157,24.0,2.013,3.4624,40.9,146.38,1.3132,65.66
B0005,158,24.0,2.012,3.4614,40.84,145.87,1.3078,65.39
B0005,159,24.0,2.013,3.4612,40.82,147.77,1.303,65.15
B0005,160,24.0,2.013,3.4595,40.95,148.22,1.3034,65.17
B0005,161,24.0,2.012,3.4575,41.07,148.06,1.3034,65.17
B0005,162,24.0,2.012,3.4587,41.02,148.36,1.2979,64.9
B0005,163,24.0,2.013,3.4555,41.06,146.85,1.2981,64.9
B0005,164,24.0,2.013,3.4568,40.98,146.48,1.2935,64.68
B0005,165,24.0,2.013,3.4574,40.98,144.73,1.288,64.4
B0005,166,24.0,2.013,3.4561,41.06,145.05,1.2875,64.38
B0005,167,24.0,2.013,3.4667,41.05,147.58,1.309,65.45
B0005,168,24.0,2.013,3.473,41.05,147.58,1.3251,66.26
B0006,20,24.0,2.01,3.5595,37.54,139.78,1.9796,98.98
B0006,21,24.0,2.01,3.5644,37.9,138.65,1.9575,97.88
B0006,22,24.0,2.01,3.5602,37.67,139.26,1.9458,97.29
B0006,23,24.0,2.01,3.5602,37.34,138.14,1.9242,96.21
B0006,24,24.0,2.01,3.5644,37.29,137.09,1.946,97.3
B0006,25,24.0,2.01,3.5599,37.17,139.98,1.9014,95.07
B0006,26,24.0,2.01,3.5502,37.52,139.93,1.8787,93.94
B0006,27,24.0,2.01,3.5532,37.24,138.59,1.8683,93.42
B0006,28,24.0,2.01,3.551,37.27,140.48,1.856,92.8
B0006,29,24.0,2.01,3.5514,37.21,140.66,1.8452,92.26
B0006,30,24.0,2.01,3.5513,37.5,140.51,1.8572,92.86
B0006,31,24.0,2.011,3.5524,37.25,143.73,1.9248,96.24
B0006,32,24.0,2.01,3.5539,37.4,142.53,1.8822,94.11
B0006,33,24.0,2.01,3.5488,37.29,143.1,1.8553,92.76
B0006,34,24.0,2.01,3.5448,37.08,143.22,1.8393,91.96
B0006,35,24.0,2.01,3.5392,36.98,143.39,1.8185,90.92
B0006,36,24.0,2.01,3.5407,37.6,144.2,1.8135,90.68
B0006,37,24.0,2.01,3.5372,37.34,143.33,1.7971,89.85
B0006,38,24.0,2.01,3.5326,37.39,143.03,1.781,89.05
B0006,39,24.0,2.01,3.5293,37.35,146.3,1.771,88.55
B0006,40,24.0,2.01,3.5286,37.59,147.35,1.7605,88.02
B0006,41,24.0,2.011,3.53,38.21,142.96,1.7503,87.52
B0006,42,24.0,2.011,3.5267,38.34,146.08,1.7395,86.98
B0006,43,24.0,2.01,3.5217,38.52,144.51,1.7547,87.74
B0006,44,24.0,2.01,3.528,38.04,144.51,1.7659,88.3
B0006,45,24.0,2.01,3.5204,37.93,145.22,1.7338,86.69
B0006,46,24.0,2.01,3.5164,37.88,146.77,1.7133,85.66
B0006,47,24.0,2.01,3.5131,38.07,146.59,1.7024,85.12
B0006,48,24.0,2.01,3.5409,39.79,146.59,1.8237,91.18
B0006,49,24.0,2.01,3.5395,39.21,144.91,1.8081,90.4
B0006,50,24.0,2.01,3.5314,38.67,146.05,1.7758,88.79
B0006,51,24.0,2.01,3.5236,38.52,145.05,1.7447,87.24
B0006,52,24.0,2.01,3.5213,38.29,146.64,1.7292,86.46
B0006,53,24.0,2.01,3.5172,38.52,148.45,1.7081,85.4
B0006,54,24.0,2.01,3.5149,38.95,147.74,1.6976,84.88
B0006,55,24.0,2.01,3.5104,38.73,149.96,1.6821,84.1
B0006,56,24.0,2.01,3.5062,38.75,147.78,1.6715,83.58
B0006,57,24.0,2.01,3.5005,38.84,151.34,1.6608,83.04
B0006,58,24.0,2.011,3.497,39.22,153.28,1.6511,82.56
B0006,59,24.0,2.01,3.4973,39.47,153.55,1.6401,82.0
B0006,60,24.0,2.01,3.4927,39.35,153.04,1.6292,81.46
B0006,61,24.0,2.01,3.4891,39.32,153.62,1.6088,80.44
B0006,62,24.0,2.01,3.4816,39.47,154.11,1.6035,80.18
B0006,63,24.0,2.011,3.4814,39.74,156.23,1.599,79.95
B0006,64,24.0,2.01,3.4766,39.04,155.32,1.5876,79.38
B0006,65,24.0,2.01,3.4794,39.16,155.32,1.583,79.15
B0006,66,24.0,2.01,3.4703,39.2,155.92,1.5671,78.35
B0006,67,24.0,2.01,3.4669,39.16,156.68,1.5613,78.06
B0006,68,24.0,2.01,3.4649,39.18,158.5,1.5512,77.56
B0006,69,24.0,2.01,3.4608,39.38,158.65,1.5407,77.04
B0006,70,24.0,2.01,3.4562,39.45,160.3,1.5253,76.26
B0006,71,24.0,2.01,3.4569,39.41,160.35,1.5302,76.51
B0006,72,24.0,2.01,3.453,39.48,161.43,1.5247,76.24
B0006,73,24.0,2.01,3.4527,39.44,162.56,1.5145,75.72
B0006,74,24.0,2.01,3.4491,39.54,162.59,1.5094,75.47
B0006,75,24.0,2.01,3.4451,39.59,163.71,1.504,75.2
B0006,76,24.0,2.01,3.4433,39.5,161.69,1.4935,74.68
B0006,77,24.0,2.01,3.4368,39.97,165.22,1.4876,74.38
B0006,78,24.0,2.01,3.4527,40.43,165.22,1.5303,76.52
B0006,79,24.0,2.01,3.4423,40.02,164.53,1.5041,75.2
B0006,80,24.0,2.01,3.434,40.02,164.65,1.4888,74.44
B0006,81,24.0,2.01,3.4342,40.08,165.98,1.4783,73.91
B0006,82,24.0,2.011,3.4351,40.57,165.62,1.4785,73.92
B0006,83,24.0,2.011,3.4356,40.75,163.86,1.4732,73.66
B0006,84,24.0,2.011,3.4304,40.71,166.24,1.4675,73.38
B0006,85,24.0,2.01,3.4246,40.59,166.86,1.4516,72.58
B0006,86,24.0,2.01,3.4209,40.37,168.19,1.4519,72.6
B0006,87,24.0,2.011,3.4237,40.67,169.77,1.4471,72.36
B0006,88,24.0,2.011,3.4235,40.99,169.11,1.4469,72.34
B0006,89,24.0,2.01,3.4234,41.0,168.3,1.4417,72.08
B0006,90,24.0,2.011,3.4556,40.77,167.56,1.5936,79.68
B0006,91,24.0,2.011,3.4564,40.52,161.23,1.5464,77.32
B0006,92,24.0,2.01,3.4468,40.58,163.36,1.5147,75.74
B0006,93,24.0,2.01,3.4398,40.52,165.24,1.499,74.95
B0006,94,24.0,2.01,3.4357,40.34,166.75,1.4831,74.16
B0006,95,24.0,2.011,3.4299,40.39,165.41,1.473,73.65
B0006,96,24.0,2.011,3.4285,40.46,166.95,1.4628,73.14
B0006,97,24.0,2.01,3.4245,40.58,168.57,1.4518,72.59
B0006,98,24.0,2.01,3.4219,40.62,169.49,1.4469,72.34
B0006,99,24.0,2.01,3.4204,40.63,170.18,1.4414,72.07
B0006,100,24.0,2.01,3.4177,40.74,167.79,1.4312,71.56
B0006,101,24.0,2.01,3.4152,40.82,170.37,1.426,71.3
B0006,102,24.0,2.01,3.4149,40.73,169.72,1.4205,71.03
B0006,103,24.0,2.011,3.4127,41.45,171.44,1.4207,71.04
B0006,104,24.0,2.011,3.4302,41.4,166.55,1.4523,72.61
B0006,105,24.0,2.011,3.4218,41.37,170.56,1.4316,71.58
B0006,106,24.0,2.011,3.4139,41.38,171.36,1.415,70.75
B0006,107,24.0,2.01,3.412,41.14,172.35,1.4097,70.48
B0006,108,24.0,2.011,3.4101,41.22,173.39,1.4049,70.24
B0006,109,24.0,2.011,3.4112,41.4,172.17,1.3952,69.76
B0006,110,24.0,2.01,3.4101,41.59,171.54,1.3945,69.73
B0006,111,24.0,2.01,3.4044,41.44,172.12,1.3893,69.46
B0006,112,24.0,2.011,3.4017,41.37,174.66,1.3838,69.19
B0006,113,24.0,2.011,3.3999,41.66,173.37,1.3737,68.68
B0006,114,24.0,2.011,3.4029,41.82,174.25,1.3786,68.93
B0006,115,24.0,2.01,3.4006,41.69,173.1,1.3738,68.69
B0006,116,24.0,2.01,3.3969,41.57,175.02,1.3683,68.42
B0006,117,24.0,2.011,3.3939,41.46,175.36,1.3633,68.16
B0006,118,24.0,2.011,3.3969,41.61,173.98,1.3581,67.9
B0006,119,24.0,2.011,3.3964,42.01,173.63,1.3533,67.66
B0006,120,24.0,2.011,3.4035,41.62,175.02,1.3842,69.21
B0006,121,24.0,2.011,3.4142,41.8,175.02,1.4051,70.26
B0006,122,24.0,2.01,3.4026,41.65,176.26,1.3787,68.94
B0006,123,24.0,2.01,3.3982,41.36,176.67,1.3683,68.42
B0006,124,24.0,2.01,3.3929,41.43,176.07,1.3573,67.86
B0006,125,24.0,2.01,3.3925,41.34,175.48,1.3525,67.62
B0006,126,24.0,2.01,3.3901,41.38,177.83,1.3474,67.37
B0006,127,24.0,2.01,3.3876,41.38,176.38,1.337,66.85
B0006,128,24.0,2.01,3.3851,41.31,177.79,1.3312,66.56
B0006,129,24.0,2.01,3.3841,41.2,177.59,1.3259,66.3
B0006,130,24.0,2.01,3.3814,41.33,178.09,1.3216,66.08
B0006,131,24.0,2.01,3.3824,41.3,178.76,1.3212,66.06
B0006,132,24.0,2.01,3.3815,41.24,177.59,1.3156,65.78
B0006,133,24.0,2.01,3.3845,41.36,179.58,1.3209,66.04
B0006,134,24.0,2.01,3.3964,40.89,179.58,1.3474,67.37
B0006,135,24.0,2.01,3.3912,40.65,179.58,1.326,66.3
B0006,136,24.0,2.01,3.3828,40.58,178.37,1.3101,65.5
B0006,137,24.0,2.01,3.3806,40.32,177.51,1.3052,65.26
B0006,138,24.0,2.01,3.379,40.78,177.29,1.3004,65.02
B0006,139,24.0,2.01,3.3817,40.86,176.32,1.3002,65.01
B0006,140,24.0,2.01,3.3761,40.75,178.94,1.2895,64.48
B0006,141,24.0,2.01,3.3728,40.47,177.34,1.2793,63.96
B0006,142,24.0,2.01,3.3721,40.28,177.41,1.2792,63.96
B0006,143,24.0,2.011,3.3733,40.64,177.39,1.274,63.7
B0006,144,24.0,2.01,3.3732,40.64,178.1,1.2741,63.7
B0006,145,24.0,2.01,3.3688,40.39,177.27,1.2638,63.19
B0006,146,24.0,2.01,3.367,40.15,179.28,1.2581,62.9
B0006,147,24.0,2.01,3.3619,40.26,179.74,1.2533,62.67
B0006,148,24.0,2.01,3.3651,40.65,179.93,1.2532,62.66
B0006,149,24.0,2.011,3.3659,40.41,180.86,1.2481,62.4
B0006,150,24.0,2.01,3.3642,40.5,182.76,1.2534,62.67
B0006,151,24.0,2.011,3.3843,41.36,172.08,1.2898,64.49
B0006,152,24.0,2.01,3.3743,41.38,176.6,1.2635,63.18
B0006,153,24.0,2.01,3.3705,41.21,177.88,1.248,62.4
B0006,154,24.0,2.011,3.365,41.21,179.17,1.2321,61.6
B0006,155,24.0,2.01,3.3607,41.28,180.94,1.2271,61.36
B0006,156,24.0,2.01,3.3613,41.16,179.64,1.2217,61.08
B0006,157,24.0,2.01,3.358,41.23,180.67,1.2111,60.56
B0006,158,24.0,2.01,3.3558,41.21,182.65,1.2056,60.28
B0006,159,24.0,2.011,3.354,41.27,178.79,1.2009,60.04
B0006,160,24.0,2.011,3.3542,41.24,182.32,1.1906,59.53
B0006,161,24.0,2.01,3.3541,41.24,183.25,1.1852,59.26
B0006,162,24.0,2.01,3.3531,41.28,181.34,1.1797,58.98
B0006,163,24.0,2.01,3.3493,41.28,181.04,1.1746,58.73
B0006,164,24.0,2.011,3.3465,41.15,181.86,1.1538,57.69
B0006,165,24.0,2.011,3.3494,41.26,183.26,1.1644,58.22
B0006,166,24.0,2.01,3.3449,41.46,183.18,1.1588,57.94
B0006,167,24.0,2.011,3.3574,41.12,182.83,1.175,58.75
B0006,168,24.0,2.011,3.3645,41.36,182.83,1.1857,59.28
B0007,20,24.0,1.989,3.5606,39.96,99.75,1.8808,94.04
B0007,21,24.0,1.99,3.5618,40.31,101.52,1.8815,94.08
B0007,22,24.0,1.989,3.5672,39.36,99.4,1.8811,94.06
B0007,23,24.0,1.989,3.5609,39.45,97.18,1.871,93.55
B0007,24,24.0,1.989,3.5572,39.64,99.13,1.8702,93.51
B0007,25,24.0,1.989,3.5639,38.87,97.59,1.8707,93.54
B0007,26,24.0,1.99,3.5588,39.12,98.63,1.8596,92.98
B0007,27,24.0,1.989,3.5644,38.68,96.49,1.86,93.0
B0007,28,24.0,1.989,3.561,38.86,98.7,1.8592,92.96
B0007,29,24.0,1.99,3.5576,39.15,98.22,1.8481,92.4
B0007,30,24.0,1.989,3.562,38.84,98.19,1.8492,92.46
B0007,31,24.0,1.99,3.5651,38.96,109.68,1.8835,94.18
B0007,32,24.0,1.99,3.5659,39.05,106.22,1.8628,93.14
B0007,33,24.0,1.99,3.5652,38.7,106.47,1.8521,92.6
B0007,34,24.0,1.99,3.5607,38.61,103.01,1.847,92.35
B0007,35,24.0,1.989,3.5617,38.43,104.44,1.8368,91.84
B0007,36,24.0,1.989,3.5619,39.05,103.75,1.8372,91.86
B0007,37,24.0,1.989,3.5586,38.84,104.18,1.8317,91.58
B0007,38,24.0,1.989,3.5609,38.5,104.28,1.8211,91.06
B0007,39,24.0,1.989,3.558,38.58,101.6,1.8165,90.82
B0007,40,24.0,1.99,3.5594,38.79,105.45,1.8114,90.57
B0007,41,24.0,1.989,3.5593,39.31,104.9,1.8116,90.58
B0007,42,24.0,1.989,3.5598,39.41,102.89,1.8061,90.3
B0007,43,24.0,1.989,3.5569,39.33,102.79,1.8132,90.66
B0007,44,24.0,1.989,3.5568,38.61,102.79,1.8063,90.32
B0007,45,24.0,1.989,3.553,38.57,115.98,1.7958,89.79
B0007,46,24.0,1.989,3.5547,38.35,114.34,1.7859,89.3
B0007,47,24.0,1.989,3.5524,38.48,115.48,1.7803,89.02
B0007,48,24.0,1.989,3.5655,41.05,115.48,1.8151,90.76
B0007,49,24.0,1.989,3.5675,40.36,118.57,1.8157,90.79
B0007,50,24.0,1.989,3.5631,39.67,117.94,1.8002,90.01
B0007,51,24.0,1.989,3.5597,39.48,117.88,1.7904,89.52
B0007,52,24.0,1.989,3.5574,39.42,118.66,1.7803,89.02
B0007,53,24.0,1.989,3.5552,39.72,118.88,1.7753,88.76
B0007,54,24.0,1.99,3.5553,40.04,120.71,1.7703,88.52
B0007,55,24.0,1.99,3.5544,39.66,119.78,1.7601,88.0
B0007,56,24.0,1.989,3.5492,39.85,117.22,1.7496,87.48
B0007,57,24.0,1.99,3.5487,39.74,117.58,1.7497,87.48
B0007,58,24.0,1.99,3.5482,40.07,118.86,1.745,87.25
B0007,59,24.0,1.99,3.5498,40.25,119.2,1.7396,86.98
B0007,60,24.0,1.989,3.5456,40.27,119.32,1.7286,86.43
B0007,61,24.0,1.989,3.5474,39.9,120.71,1.7239,86.2
B0007,62,24.0,1.99,3.5419,40.06,119.02,1.714,85.7
B0007,63,24.0,1.989,3.5449,40.24,116.5,1.714,85.7
B0007,64,24.0,1.989,3.5407,40.13,119.3,1.7037,85.18
B0007,65,24.0,1.99,3.5435,40.4,119.3,1.704,85.2
B0007,66,24.0,1.989,3.5426,40.19,121.15,1.6936,84.68
B0007,67,24.0,1.989,3.5404,40.15,121.97,1.6877,84.38
B0007,68,24.0,1.989,3.5395,40.19,122.47,1.6831,84.16
B0007,69,24.0,1.989,3.539,40.28,121.64,1.6779,83.9
B0007,70,24.0,1.989,3.5379,40.31,121.72,1.6732,83.66
B0007,71,24.0,1.989,3.5363,40.32,121.97,1.6674,83.37
B0007,72,24.0,1.989,3.5355,40.33,121.69,1.6623,83.12
B0007,73,24.0,1.989,3.5335,40.43,123.83,1.6574,82.87
B0007,74,24.0,1.99,3.5319,40.46,120.01,1.6525,82.62
B0007,75,24.0,1.99,3.5312,40.4,121.79,1.6472,82.36
B0007,76,24.0,1.989,3.5287,40.44,121.07,1.6364,81.82
B0007,77,24.0,1.989,3.5273,40.26,120.85,1.6363,81.82
B0007,78,24.0,1.989,3.5306,40.65,120.85,1.6411,82.06
B0007,79,24.0,1.989,3.5265,39.95,122.8,1.6316,81.58
B0007,80,24.0,1.989,3.5221,40.17,122.11,1.6212,81.06
B0007,81,24.0,1.989,3.5231,40.37,120.83,1.6164,80.82
B0007,82,24.0,1.989,3.5231,40.88,124.61,1.6158,80.79
B0007,83,24.0,1.989,3.5254,40.86,129.76,1.6167,80.84
B0007,84,24.0,1.989,3.5241,40.78,127.43,1.6109,80.54
B0007,85,24.0,1.989,3.5199,40.58,125.74,1.6007,80.04
B0007,86,24.0,1.989,3.5146,40.63,126.68,1.5959,79.8
B0007,87,24.0,1.99,3.5196,40.75,126.32,1.5962,79.81
B0007,88,24.0,1.989,3.5203,41.07,126.65,1.5958,79.79
B0007,89,24.0,1.989,3.516,41.41,126.68,1.5907,79.54
B0007,90,24.0,1.99,3.5346,41.02,132.09,1.6888,84.44
B0007,91,24.0,1.99,3.5284,41.32,131.94,1.626,81.3
B0007,92,24.0,1.99,3.5243,41.4,128.82,1.6157,80.78
B0007,93,24.0,1.99,3.5218,41.25,128.48,1.6057,80.28
B0007,94,24.0,1.99,3.5211,40.95,130.16,1.595,79.75
B0007,95,24.0,1.99,3.5185,40.99,130.26,1.5904,79.52
B0007,96,24.0,1.989,3.5181,41.03,134.08,1.5854,79.27
B0007,97,24.0,1.99,3.5175,41.01,132.29,1.58,79.0
B0007,98,24.0,1.99,3.5169,41.05,132.27,1.5752,78.76
B0007,99,24.0,1.99,3.5158,41.05,131.55,1.5698,78.49
B0007,100,24.0,1.99,3.5164,41.02,131.55,1.5703,78.52
B0007,101,24.0,1.99,3.5112,41.35,131.85,1.5652,78.26
B0007,102,24.0,1.99,3.5119,41.24,132.63,1.5596,77.98
B0007,103,24.0,1.99,3.5115,41.22,133.62,1.565,78.25
B0007,104,24.0,1.99,3.5189,41.9,129.65,1.575,78.75
B0007,105,24.0,1.99,3.5135,41.9,132.7,1.5653,78.26
B0007,106,24.0,1.99,3.5158,41.48,132.58,1.5598,77.99
B0007,107,24.0,1.99,3.5083,41.64,131.02,1.5499,77.5
B0007,108,24.0,1.99,3.5111,41.43,129.61,1.5439,77.2
B0007,109,24.0,1.99,3.5102,41.85,132.82,1.545,77.25
B0007,110,24.0,1.99,3.5122,41.78,133.76,1.5446,77.23
B0007,111,24.0,1.99,3.5084,41.63,135.18,1.5343,76.72
B0007,112,24.0,1.99,3.5071,41.55,136.69,1.5288,76.44
B0007,113,24.0,1.99,3.5072,41.84,129.84,1.5289,76.44
B0007,114,24.0,1.99,3.505,42.24,133.16,1.5291,76.46
B0007,115,24.0,1.99,3.5042,42.04,134.02,1.5239,76.2
B0007,116,24.0,1.989,3.5032,41.8,136.54,1.5187,75.94
B0007,117,24.0,1.99,3.5012,41.69,136.02,1.5136,75.68
B0007,118,24.0,1.99,3.5018,41.99,135.77,1.5136,75.68
B0007,119,24.0,1.99,3.5028,42.33,135.8,1.5139,75.7
B0007,120,24.0,1.99,3.504,41.64,132.38,1.534,76.7
B0007,121,24.0,1.99,3.5135,41.47,132.38,1.5391,76.96
B0007,122,24.0,1.989,3.5043,41.54,135.96,1.5236,76.18
B0007,123,24.0,1.989,3.5029,41.14,139.05,1.5136,75.68
B0007,124,24.0,1.989,3.5014,41.09,136.21,1.5078,75.39
B0007,125,24.0,1.989,3.5002,41.1,138.59,1.5032,75.16
B0007,126,24.0,1.989,3.4999,41.03,139.83,1.4978,74.89
B0007,127,24.0,1.989,3.4989,41.0,140.52,1.4928,74.64
B0007,128,24.0,1.989,3.4975,40.88,139.39,1.4924,74.62
B0007,129,24.0,1.989,3.4927,41.09,141.66,1.4875,74.38
B0007,130,24.0,1.989,3.4934,41.01,139.5,1.4825,74.12
B0007,131,24.0,1.989,3.4945,40.91,138.67,1.4828,74.14
B0007,132,24.0,1.989,3.4905,41.07,141.69,1.477,73.85
B0007,133,24.0,1.989,3.4953,40.85,140.6,1.4819,74.1
B0007,134,24.0,1.989,3.5016,41.13,140.6,1.4981,74.9
B0007,135,24.0,1.989,3.4968,41.09,140.6,1.4821,74.1
B0007,136,24.0,1.989,3.4905,41.12,136.63,1.4771,73.86
B0007,137,24.0,1.989,3.4875,40.98,140.27,1.4721,73.6
B0007,138,24.0,1.989,3.493,41.02,141.1,1.4722,73.61
B0007,139,24.0,1.989,3.4918,41.3,152.67,1.467,73.35
B0007,140,24.0,1.989,3.49,41.11,153.05,1.4618,73.09
B0007,141,24.0,1.989,3.4859,40.88,153.32,1.4567,72.84
B0007,142,24.0,1.989,3.4851,40.73,153.22,1.4514,72.57
B0007,143,24.0,1.99,3.4866,41.03,153.76,1.4516,72.58
B0007,144,24.0,1.99,3.4875,40.9,153.94,1.4468,72.34
B0007,145,24.0,1.989,3.4807,41.02,153.48,1.4468,72.34
B0007,146,24.0,1.989,3.4778,40.82,156.08,1.4414,72.07
B0007,147,24.0,1.989,3.4793,40.65,155.93,1.4362,71.81
B0007,148,24.0,1.99,3.4797,40.97,157.18,1.4368,71.84
B0007,149,24.0,1.989,3.478,41.11,155.99,1.4363,71.82
B0007,150,24.0,1.989,3.4746,40.79,154.7,1.4419,72.1
B0007,151,24.0,1.99,3.4927,40.73,151.63,1.4672,73.36
B0007,152,24.0,1.99,3.4849,40.99,153.15,1.4519,72.6
B0007,153,24.0,1.99,3.4859,40.63,151.67,1.4471,72.36
B0007,154,24.0,1.989,3.4839,40.59,150.35,1.4418,72.09
B0007,155,24.0,1.99,3.4816,40.58,154.0,1.4316,71.58
B0007,156,24.0,1.989,3.4758,40.88,154.79,1.4318,71.59
B0007,157,24.0,1.99,3.4789,40.65,153.65,1.4263,71.32
B0007,158,24.0,1.989,3.4787,40.53,155.07,1.4261,71.3
B0007,159,24.0,1.989,3.4739,40.82,156.07,1.4213,71.06
B0007,160,24.0,1.99,3.4771,40.64,154.93,1.4163,70.82
B0007,161,24.0,1.99,3.472,40.97,156.39,1.4166,70.83
B0007,162,24.0,1.989,3.4753,40.75,155.67,1.4108,70.54
B0007,163,24.0,1.989,3.4705,40.93,155.94,1.411,70.55
B0007,164,24.0,1.99,3.473,40.74,158.08,1.4062,70.31
B0007,165,24.0,1.99,3.4695,41.01,158.26,1.4063,70.32
B0007,166,24.0,1.989,3.4725,40.81,156.25,1.4005,70.03
B0007,167,24.0,1.99,3.4756,40.93,152.24,1.4218,71.09
B0007,168,24.0,1.99,3.4873,40.57,152.24,1.4325,71.62
B0018,1,24.0,2.009,3.5361,38.1,160.71,1.855,92.75
B0018,2,24.0,2.009,3.5449,38.15,154.32,1.8432,92.16
B0018,3,24.0,2.008,3.5472,37.53,153.26,1.8396,91.98
B0018,4,24.0,2.008,3.5478,37.06,152.75,1.8307,91.54
B0018,5,24.0,2.009,3.5543,38.21,153.45,1.8327,91.64
B0018,6,24.0,2.009,3.5571,38.17,153.45,1.8285,91.42
B0018,7,24.0,2.009,3.5595,37.64,153.45,1.8212,91.06
B0018,8,24.0,2.009,3.5571,37.38,153.45,1.8152,90.76
B0018,9,24.0,2.009,3.5559,37.29,150.31,1.8043,90.22
B0018,10,24.0,2.009,3.5545,37.52,149.01,1.8231,91.16
B0018,11,24.0,2.009,3.5578,37.72,149.01,1.8121,90.6
B0018,12,24.0,2.009,3.5582,37.41,149.01,1.8047,90.24
B0018,13,24.0,2.008,3.5573,36.95,149.01,1.7908,89.54
B0018,14,24.0,2.008,3.5544,36.71,149.01,1.7835,89.18
B0018,15,24.0,2.01,3.5553,37.13,148.12,1.7809,89.04
B0018,16,24.0,2.009,3.5566,37.69,148.12,1.7712,88.56
B0018,17,24.0,2.008,3.5576,37.63,148.12,1.7686,88.43
B0018,18,24.0,2.008,3.5564,37.15,148.12,1.7536,87.68
B0018,19,24.0,2.008,3.5503,36.79,148.2,1.7462,87.31
B0018,20,24.0,2.008,3.5477,36.54,147.9,1.7377,86.88
B0018,21,24.0,2.008,3.5479,36.37,147.9,1.7315,86.58
B0018,22,24.0,2.008,3.5444,36.53,147.9,1.7086,85.43
B0018,23,24.0,2.008,3.5452,36.48,147.9,1.7115,85.58
B0018,24,24.0,2.008,3.5439,36.38,149.55,1.7075,85.38
B0018,25,24.0,2.009,3.5468,36.64,146.44,1.7492,87.46
B0018,26,24.0,2.009,3.5485,37.38,146.44,1.7328,86.64
B0018,27,24.0,2.009,3.5523,37.6,146.44,1.7222,86.11
B0018,28,24.0,2.009,3.55,37.56,146.44,1.7118,85.59
B0018,29,24.0,2.009,3.544,37.52,147.88,1.6993,84.96
B0018,30,24.0,2.009,3.5453,37.22,146.39,1.694,84.7
B0018,31,24.0,2.009,3.5439,37.33,146.39,1.6819,84.1
B0018,32,24.0,2.009,3.5425,37.73,146.39,1.677,83.85
B0018,33,24.0,2.008,3.5413,37.85,146.39,1.6655,83.28
B0018,34,24.0,2.008,3.5373,37.67,148.9,1.6572,82.86
B0018,35,24.0,2.009,3.5355,37.53,146.16,1.6482,82.41
B0018,36,24.0,2.009,3.5299,37.59,146.16,1.6388,81.94
B0018,37,24.0,2.009,3.5321,37.36,146.16,1.6276,81.38
B0018,38,24.0,2.009,3.5285,37.9,146.16,1.6222,81.11
B0018,39,24.0,2.009,3.5256,38.03,148.38,1.614,80.7
B0018,40,24.0,2.009,3.5336,37.42,146.52,1.6761,83.8
B0018,41,24.0,2.008,3.5356,37.33,146.52,1.6493,82.46
B0018,42,24.0,2.008,3.5294,37.31,146.52,1.6324,81.62
B0018,43,24.0,2.008,3.5248,37.23,146.52,1.6164,80.82
B0018,44,24.0,2.008,3.5232,36.95,148.02,1.6109,80.54
B0018,45,24.0,2.009,3.5203,37.0,146.96,1.5955,79.77
B0018,46,24.0,2.008,3.544,36.71,146.96,1.7267,86.34
B0018,47,24.0,2.008,3.5472,36.73,146.96,1.7166,85.83
B0018,48,24.0,2.008,3.5452,36.73,146.96,1.6958,84.79
B0018,49,24.0,2.008,3.5413,36.79,146.96,1.6778,83.89
B0018,50,24.0,2.009,3.5385,36.76,146.96,1.6607,83.04
B0018,51,24.0,2.008,3.5432,37.35,149.37,1.6664,83.32
B0018,52,24.0,2.008,3.5373,37.48,149.37,1.6468,82.34
B0018,53,24.0,2.008,3.5368,37.13,149.37,1.6258,81.29
B0018,54,24.0,2.008,3.5299,37.19,149.37,1.6122,80.61
B0018,55,24.0,2.008,3.5284,37.18,149.37,1.6057,80.28
B0018,56,24.0,2.009,3.5322,37.12,146.11,1.6736,83.68
B0018,57,24.0,2.009,3.5374,37.27,146.11,1.6404,82.02
B0018,58,24.0,2.008,3.5308,37.4,146.11,1.6133,80.66
B0018,59,24.0,2.008,3.5257,37.38,146.11,1.5921,79.6
B0018,60,24.0,2.008,3.5238,37.25,148.31,1.5866,79.33
B0018,61,24.0,2.008,3.5232,37.22,146.79,1.5801,79.01
B0018,62,24.0,2.008,3.519,37.56,146.79,1.5642,78.21
B0018,63,24.0,2.008,3.5186,37.42,146.79,1.5556,77.78
B0018,64,24.0,2.008,3.5141,37.55,146.79,1.5402,77.01
B0018,65,24.0,2.008,3.5098,37.6,151.76,1.5322,76.61
B0018,66,24.0,2.008,3.5088,37.49,147.97,1.5316,76.58
B0018,67,24.0,2.008,3.5086,37.38,147.97,1.5223,76.11
B0018,68,24.0,2.008,3.5013,37.56,147.97,1.5065,75.32
B0018,69,24.0,2.008,3.4997,37.62,147.97,1.5014,75.07
B0018,70,24.0,2.008,3.4952,37.71,152.77,1.4964,74.82
B0018,71,24.0,2.009,3.507,37.77,150.4,1.5334,76.67
B0018,72,24.0,2.009,3.5078,37.92,150.4,1.5238,76.19
B0018,73,24.0,2.008,3.499,37.99,150.4,1.5012,75.06
B0018,74,24.0,2.008,3.4987,37.98,150.4,1.4924,74.62
B0018,75,24.0,2.008,3.496,37.83,150.4,1.4833,74.17
B0018,76,24.0,2.009,3.4947,37.84,151.31,1.4807,74.04
B0018,77,24.0,2.009,3.4943,37.9,151.31,1.4735,73.68
B0018,78,24.0,2.008,3.4908,38.28,151.31,1.468,73.4
B0018,79,24.0,2.008,3.4867,38.24,151.31,1.4581,72.9
B0018,80,24.0,2.008,3.4811,38.07,155.46,1.4479,72.4
B0018,81,24.0,2.008,3.4843,37.82,150.86,1.4528,72.64
B0018,82,24.0,2.009,3.4826,37.9,150.86,1.4425,72.12
B0018,83,24.0,2.008,3.4836,38.17,150.86,1.4393,71.96
B0018,84,24.0,2.009,3.4816,38.37,150.86,1.4286,71.43
B0018,85,24.0,2.008,3.479,38.2,155.01,1.4249,71.24
B0018,86,24.0,2.009,3.4882,38.1,151.85,1.4698,73.49
B0018,87,24.0,2.008,3.4845,38.21,151.85,1.4526,72.63
B0018,88,24.0,2.009,3.4818,37.94,151.85,1.4428,72.14
B0018,89,24.0,2.008,3.4735,38.07,151.85,1.4284,71.42
B0018,90,24.0,2.008,3.4731,37.63,151.85,1.4155,70.78
B0018,91,24.0,2.009,3.4842,38.18,153.86,1.4546,72.73
B0018,92,24.0,2.009,3.4782,38.39,153.86,1.4283,71.41
B0018,93,24.0,2.009,3.4761,38.52,153.86,1.4197,70.98
B0018,94,24.0,2.009,3.4743,38.57,153.86,1.4156,70.78
B0018,95,24.0,2.009,3.4677,38.56,155.68,1.4057,70.28
B0018,96,24.0,2.009,3.4698,38.54,151.12,1.4084,70.42
B0018,97,24.0,2.009,3.4672,38.55,151.12,1.3969,69.84
B0018,98,24.0,2.009,3.4686,38.46,151.12,1.3936,69.68
B0018,99,24.0,2.009,3.468,38.54,151.12,1.3894,69.47
B0018,100,24.0,2.009,3.4628,38.65,157.96,1.3786,68.93
B0018,101,24.0,2.009,3.466,38.46,154.29,1.3849,69.24
B0018,102,24.0,2.009,3.4585,38.66,154.29,1.3703,68.52
B0018,103,24.0,2.009,3.4619,38.66,154.29,1.3733,68.66
B0018,104,24.0,2.009,3.4616,38.7,154.29,1.3679,68.4
B0018,105,24.0,2.009,3.4552,38.87,156.3,1.3567,67.84
B0018,106,24.0,2.009,3.4875,37.36,155.08,1.4604,73.02
B0018,107,24.0,2.009,3.4881,37.88,155.08,1.4501,72.5
B0018,108,24.0,2.008,3.488,38.16,155.08,1.4381,71.9
B0018,109,24.0,2.008,3.4841,38.05,155.08,1.4284,71.42
B0018,110,24.0,2.009,3.4793,37.89,155.08,1.4148,70.74
B0018,111,24.0,2.008,3.4758,37.81,155.42,1.4139,70.69
B0018,112,24.0,2.009,3.4749,37.96,155.42,1.3989,69.95
B0018,113,24.0,2.01,3.4735,38.52,155.42,1.3953,69.76
B0018,114,24.0,2.009,3.475,38.88,155.42,1.39,69.5
B0018,115,24.0,2.008,3.4721,38.65,156.68,1.386,69.3
B0018,116,24.0,2.008,3.4674,38.43,150.88,1.3882,69.41
B0018,117,24.0,2.008,3.4652,38.1,150.88,1.3762,68.81
B0018,118,24.0,2.008,3.4587,38.13,150.88,1.3647,68.24
B0018,119,24.0,2.008,3.4565,38.04,150.88,1.359,67.95
B0018,120,24.0,2.008,3.451,37.86,160.88,1.3462,67.31
B0018,121,24.0,2.009,3.4791,37.43,154.89,1.4268,71.34
B0018,122,24.0,2.009,3.4768,37.83,154.89,1.4064,70.32
B0018,123,24.0,2.008,3.4724,38.08,154.89,1.3935,69.68
B0018,124,24.0,2.008,3.4724,37.88,154.89,1.3882,69.41
B0018,125,24.0,2.008,3.4655,37.96,154.89,1.3702,68.51
B0018,126,24.0,2.009,3.4675,37.88,155.57,1.3797,68.98
B0018,127,24.0,2.009,3.4637,38.43,155.57,1.3687,68.44
B0018,128,24.0,2.009,3.4663,38.85,155.57,1.3627,68.14
B0018,129,24.0,2.009,3.4706,38.8,155.57,1.3634,68.17
B0018,130,24.0,2.009,3.4609,38.73,157.91,1.3519,67.6
B0018,131,24.0,2.008,3.4578,38.67,155.03,1.3548,67.74
B0018,132,24.0,2.009,3.4561,38.37,155.03,1.3411,67.05
B0025,1,24.0,4.026,3.3058,41.82,127.94,1.847,92.35
B0025,2,24.0,4.026,3.3106,41.5,127.94,1.8486,92.43
B0025,3,24.0,4.026,3.3124,41.67,127.94,1.8471,92.36
B0025,4,24.0,4.026,3.321,41.58,127.94,1.849,92.45
B0025,5,24.0,4.026,3.3156,41.83,127.94,1.837,91.85
B0025,6,24.0,4.025,3.3167,41.15,122.34,1.8175,90.88
B0025,7,24.0,4.025,3.3184,41.17,120.44,1.8399,92.0
B0025,8,24.0,4.025,3.3207,41.41,120.44,1.8431,92.16
B0025,9,24.0,4.025,3.3304,41.09,120.44,1.8402,92.01
B0025,10,24.0,4.025,3.3281,41.56,120.44,1.8281,91.4
B0025,11,24.0,4.025,3.3206,41.03,119.95,1.8254,91.27
B0025,12,24.0,4.025,3.3307,41.21,117.69,1.8214,91.07
B0025,13,24.0,4.025,3.3338,41.46,117.69,1.8303,91.52
B0025,14,24.0,4.025,3.3314,41.51,117.69,1.8175,90.88
B0025,15,24.0,4.025,3.3301,41.37,117.69,1.8109,90.54
B0025,16,24.0,4.025,3.3305,41.46,117.69,1.8083,90.42
B0025,17,24.0,4.024,3.3278,41.32,117.36,1.7928,89.64
B0025,18,24.0,4.024,3.3294,41.29,119.13,1.8126,90.63
B0025,19,24.0,4.024,3.3296,41.09,119.13,1.8078,90.39
B0025,20,24.0,4.024,3.327,41.02,119.13,1.8048,90.24
B0025,21,24.0,4.024,3.3259,40.74,119.13,1.8005,90.02
B0025,22,24.0,4.024,3.3272,40.76,119.13,1.7942,89.71
B0025,23,24.0,4.024,3.3298,39.71,119.94,1.8074,90.37
B0025,24,24.0,4.024,3.328,39.8,119.94,1.7903,89.52
B0025,25,24.0,4.024,3.3295,39.64,119.94,1.7961,89.8
B0025,26,24.0,4.025,3.3311,39.75,119.94,1.7912,89.56
B0025,27,24.0,4.024,3.3321,39.57,119.94,1.7855,89.28
B0025,28,24.0,4.023,3.324,39.46,116.89,1.7678,88.39
B0026,1,24.0,4.025,3.2929,40.71,207.45,1.8133,90.66
B0026,2,24.0,4.026,3.2987,40.57,207.45,1.815,90.75
B0026,3,24.0,4.026,3.3102,40.42,207.45,1.8135,90.68
B0026,4,24.0,4.026,3.3037,40.84,207.45,1.8151,90.76
B0026,5,24.0,4.025,3.3073,40.76,207.45,1.8143,90.72
B0026,7,24.0,4.025,3.3095,40.13,202.26,1.8165,90.82
B0026,8,24.0,4.025,3.3147,40.39,202.26,1.8086,90.43
B0026,9,24.0,4.025,3.3163,40.38,202.26,1.8049,90.24
B0026,10,24.0,4.025,3.3205,40.63,202.26,1.8049,90.24
B0026,11,24.0,4.025,3.2963,40.1,200.48,1.7177,85.88
B0026,12,24.0,4.025,3.3215,40.35,198.66,1.8098,90.49
B0026,13,24.0,4.025,3.3266,40.66,198.66,1.8066,90.33
B0026,14,24.0,4.025,3.3195,40.79,198.66,1.7938,89.69
B0026,15,24.0,4.025,3.3221,40.65,198.66,1.7993,89.96
B0026,16,24.0,4.025,3.3208,40.75,198.66,1.7842,89.21
B0026,17,24.0,4.025,3.2979,40.9,198.14,1.6819,84.1
B0026,18,24.0,4.025,3.3297,40.76,198.94,1.8008,90.04
B0026,19,24.0,4.025,3.3233,40.87,198.94,1.796,89.8
B0026,20,24.0,4.025,3.3219,40.85,198.94,1.7931,89.66
B0026,21,24.0,4.025,3.3228,40.61,198.94,1.801,90.05
B0026,22,24.0,4.025,3.3276,40.55,198.94,1.7825,89.12
B0026,23,24.0,4.025,3.3264,39.9,198.76,1.7959,89.8
B0026,24,24.0,4.025,3.32,40.15,198.76,1.7783,88.92
B0026,25,24.0,4.025,3.3166,40.16,198.76,1.7717,88.58
B0026,26,24.0,4.025,3.3178,40.35,198.76,1.7791,88.96
B0026,27,24.0,4.025,3.3167,40.16,198.76,1.7733,88.66
B0026,28,24.0,4.025,3.3166,40.01,198.77,1.7688,88.44
B0027,1,24.0,3.973,3.2119,42.07,195.0,1.8233,91.16
B0027,2,24.0,3.974,3.1687,42.53,195.0,1.8142,90.71
B0027,3,24.0,3.974,3.1598,42.66,195.0,1.8129,90.64
B0027,4,24.0,3.974,3.1457,43.07,195.0,1.8144,90.72
B0027,5,24.0,3.972,3.1421,43.13,195.0,1.8128,90.64
B0027,6,24.0,3.973,3.1272,42.93,235.04,1.7946,89.73
B0027,7,24.0,3.974,3.1681,42.34,226.94,1.8165,90.82
B0027,8,24.0,3.973,3.1533,42.5,226.94,1.8198,90.99
B0027,9,24.0,3.974,3.1423,42.75,226.94,1.817,90.85
B0027,10,24.0,3.973,3.1404,43.21,226.94,1.8048,90.24
B0027,11,24.0,3.973,3.1268,42.6,226.97,1.8022,90.11
B0027,12,24.0,3.973,3.1477,42.63,220.37,1.8101,90.5
B0027,13,24.0,3.974,3.1557,42.89,220.37,1.8192,90.96
B0027,14,24.0,3.973,3.1567,42.74,220.37,1.8063,90.32
B0027,15,24.0,3.973,3.1518,42.72,220.37,1.812,90.6
B0027,16,24.0,3.973,3.1516,42.88,220.37,1.8092,90.46
B0027,17,24.0,3.972,3.1627,42.99,219.22,1.7821,89.1
B0027,18,24.0,3.972,3.162,42.92,219.57,1.8146,90.73
B0027,19,24.0,3.972,3.1647,42.78,219.57,1.8092,90.46
B0027,20,24.0,3.972,3.1586,42.71,219.57,1.8066,90.33
B0027,21,24.0,3.973,3.1534,42.66,219.57,1.8024,90.12
B0027,22,24.0,3.972,3.1518,42.64,219.57,1.7964,89.82
B0027,23,24.0,3.97,3.1496,41.87,216.0,1.8088,90.44
B0027,24,24.0,3.97,3.1493,41.97,216.0,1.7916,89.58
B0027,25,24.0,3.97,3.1486,41.92,216.0,1.7853,89.26
B0027,26,24.0,3.971,3.1492,42.14,216.0,1.7932,89.66
B0027,27,24.0,3.97,3.1424,42.43,216.0,1.7873,89.36
B0027,28,24.0,3.97,3.1371,42.03,219.58,1.7701,88.5
B0028,1,24.0,1.996,3.5625,31.68,188.59,1.8047,90.24
B0028,2,24.0,1.996,3.5646,31.43,188.59,1.8048,90.24
B0028,3,24.0,1.996,3.5693,31.69,188.59,1.7976,89.88
B0028,4,24.0,1.996,3.5703,31.85,188.59,1.793,89.65
B0028,5,24.0,1.997,3.5709,31.89,188.59,1.7919,89.6
B0028,6,24.0,1.995,3.5634,31.65,182.21,1.775,88.75
B0028,7,24.0,1.995,3.5728,31.67,181.53,1.792,89.6
B0028,8,24.0,1.996,3.5739,31.54,181.53,1.7905,89.52
B0028,9,24.0,1.996,3.5742,31.64,181.53,1.7868,89.34
B0028,10,24.0,1.996,3.5736,32.06,181.53,1.7872,89.36
B0028,11,24.0,1.996,3.5691,31.18,180.29,1.7816,89.08
B0028,12,24.0,1.996,3.5724,31.83,177.69,1.785,89.25
B0028,13,24.0,1.995,3.5738,32.18,177.69,1.7804,89.02
B0028,14,24.0,1.997,3.5727,32.1,177.69,1.7789,88.94
B0028,15,24.0,1.997,3.5721,31.93,177.69,1.7738,88.69
B0028,16,24.0,1.996,3.573,32.18,177.69,1.7697,88.48
B0028,17,24.0,1.996,3.5678,32.51,178.87,1.7409,87.04
B0028,18,24.0,1.996,3.5773,32.36,180.93,1.7648,88.24
B0028,19,24.0,1.996,3.5755,32.24,180.93,1.7618,88.09
B0028,20,24.0,1.996,3.5751,32.12,180.93,1.7577,87.88
B0028,21,24.0,1.995,3.5743,31.88,180.93,1.7519,87.6
B0028,22,24.0,1.996,3.5717,32.14,180.93,1.7521,87.6
B0028,23,24.0,1.997,3.5706,31.31,181.36,1.7598,87.99
B0028,24,24.0,1.997,3.5724,31.44,181.36,1.7483,87.42
B0028,25,24.0,1.997,3.5727,31.38,181.36,1.7411,87.06
B0028,26,24.0,1.997,3.5717,31.36,181.36,1.7364,86.82
B0028,27,24.0,1.997,3.5681,31.45,181.36,1.7366,86.83
B0028,28,24.0,1.997,3.5662,31.55,181.25,1.7172,85.86
B0029,1,43.0,4.023,3.3561,58.73,73.04,1.6975,84.88
B0029,2,43.0,4.023,3.3874,59.77,73.04,1.8447,92.24
B0029,3,43.0,4.023,3.3908,59.84,73.04,1.8254,91.27
B0029,4,43.0,4.023,3.391,59.92,73.04,1.8158,90.79
B0029,5,43.0,4.023,3.3946,59.89,73.04,1.8133,90.66
B0029,6,43.0,4.023,3.3879,59.59,67.68,1.8152,90.76
B0029,7,43.0,4.024,3.3954,59.81,67.68,1.8143,90.72
B0029,8,43.0,4.023,3.3944,59.75,67.68,1.8013,90.06
B0029,9,43.0,4.024,3.3965,59.77,67.68,1.7882,89.41
B0029,10,43.0,4.024,3.3985,59.8,67.68,1.7761,88.8
B0029,11,43.0,4.024,3.3874,59.92,68.6,1.7853,89.26
B0029,12,43.0,4.024,3.3912,60.12,68.6,1.7698,88.49
B0029,13,43.0,4.024,3.3909,60.16,68.6,1.7565,87.82
B0029,14,43.0,4.024,3.3934,60.03,68.6,1.7543,87.72
B0029,15,43.0,4.024,3.3882,60.16,68.6,1.7393,86.96
B0029,16,43.0,4.024,3.3854,59.71,68.21,1.7798,88.99
B0029,17,43.0,4.024,3.3959,59.83,68.21,1.7657,88.28
B0029,18,43.0,4.024,3.394,59.97,68.21,1.7524,87.62
B0029,19,43.0,4.024,3.3952,59.91,68.21,1.738,86.9
B0029,20,43.0,4.024,3.3923,60.0,68.21,1.7312,86.56
B0029,21,43.0,4.024,3.3844,60.26,68.02,1.7379,86.9
B0029,22,43.0,4.024,3.396,59.9,68.02,1.7224,86.12
B0029,23,43.0,4.024,3.3883,60.33,68.02,1.7184,85.92
B0029,24,43.0,4.024,3.3944,59.99,68.02,1.701,85.05
B0029,25,43.0,4.024,3.3919,60.0,68.02,1.6937,84.68
B0029,26,43.0,4.024,3.3906,59.99,68.47,1.7131,85.66
B0029,27,43.0,4.024,3.3925,60.02,68.47,1.6977,84.88
B0029,28,43.0,4.024,3.3852,60.26,68.47,1.6899,84.5
B0029,29,43.0,4.024,3.3916,59.92,68.47,1.685,84.25
B0029,30,43.0,4.024,3.3906,59.89,68.47,1.6784,83.92
B0029,31,43.0,4.024,3.3843,60.16,68.6,1.6738,83.69
B0029,32,43.0,4.024,3.3894,60.05,68.6,1.6688,83.44
B0029,33,43.0,4.024,3.3862,60.17,68.6,1.6493,82.46
B0029,34,43.0,4.024,3.3865,60.1,68.6,1.641,82.05
B0029,35,43.0,4.025,3.3874,60.03,68.6,1.6456,82.28
B0029,36,43.0,4.024,3.3794,60.33,68.83,1.6545,82.72
B0029,37,43.0,4.024,3.3885,59.89,68.83,1.6461,82.3
B0029,38,43.0,4.024,3.3836,60.13,68.83,1.6275,81.38
B0029,39,43.0,4.024,3.3827,60.21,68.83,1.6201,81.01
B0029,40,43.0,4.024,3.3799,60.24,68.83,1.6121,80.6
B0030,1,43.0,4.024,3.3442,61.11,140.68,1.6561,82.8
B0030,2,43.0,4.024,3.3786,62.0,140.68,1.7816,89.08
B0030,3,43.0,4.024,3.3807,61.89,140.68,1.762,88.1
B0030,4,43.0,4.024,3.3786,62.21,140.68,1.7518,87.59
B0030,5,43.0,4.024,3.3803,62.31,140.68,1.7382,86.91
B0030,6,43.0,4.024,3.3727,62.3,138.36,1.7507,87.54
B0030,7,43.0,4.024,3.3784,62.48,138.36,1.7491,87.46
B0030,8,43.0,4.024,3.3829,62.16,138.36,1.7253,86.26
B0030,9,43.0,4.024,3.383,62.11,138.36,1.7113,85.56
B0030,10,43.0,4.025,3.3828,62.22,138.36,1.699,84.95
B0030,11,43.0,4.024,3.3786,62.42,139.01,1.7186,85.93
B0030,12,43.0,4.025,3.3818,62.43,139.01,1.7032,85.16
B0030,13,43.0,4.025,3.3819,62.43,139.01,1.6895,84.48
B0030,14,43.0,4.025,3.3839,62.27,139.01,1.6756,83.78
B0030,15,43.0,4.025,3.3791,62.58,139.01,1.6718,83.59
B0030,16,43.0,4.025,3.3725,62.47,138.15,1.7233,86.16
B0030,17,43.0,4.025,3.3774,62.68,138.15,1.7092,85.46
B0030,18,43.0,4.025,3.3804,62.48,138.15,1.684,84.2
B0030,19,43.0,4.025,3.3804,62.52,138.15,1.669,83.45
B0030,20,43.0,4.025,3.3746,62.84,138.15,1.6621,83.1
B0030,21,43.0,4.025,3.3787,62.48,140.48,1.6687,83.44
B0030,22,43.0,4.025,3.3806,62.54,140.48,1.6528,82.64
B0030,23,43.0,4.025,3.382,62.54,140.48,1.6485,82.42
B0030,24,43.0,4.025,3.3783,62.63,140.48,1.6307,81.54
B0030,25,43.0,4.025,3.3786,62.64,140.48,1.6232,81.16
B0030,26,43.0,4.025,3.379,62.51,139.36,1.6542,82.71
B0030,27,43.0,4.025,3.3821,62.41,139.36,1.6385,81.92
B0030,28,43.0,4.025,3.3751,62.72,139.36,1.6188,80.94
B0030,29,43.0,4.025,3.3779,62.55,139.36,1.6134,80.67
B0030,30,43.0,4.025,3.3792,62.49,139.36,1.6066,80.33
B0030,31,43.0,4.025,3.3758,62.59,140.87,1.6138,80.69
B0030,32,43.0,4.025,3.3725,62.85,140.87,1.5963,79.82
B0030,33,43.0,4.025,3.37,63.02,140.87,1.5891,79.46
B0030,34,43.0,4.025,3.3699,63.0,140.87,1.5805,79.03
B0030,35,43.0,4.025,3.375,62.8,140.87,1.5846,79.23
B0030,36,43.0,4.025,3.3719,62.74,140.39,1.5937,79.68
B0030,37,43.0,4.025,3.3768,62.58,140.39,1.585,79.25
B0030,38,43.0,4.025,3.3738,62.85,140.39,1.5787,78.94
B0030,39,43.0,4.025,3.3748,62.73,140.39,1.5707,78.54
B0030,40,43.0,4.025,3.3745,62.69,140.39,1.5628,78.14
B0031,1,43.0,3.974,3.3691,60.85,93.89,1.6667,83.34
B0031,2,43.0,3.975,3.4075,61.82,93.89,1.8329,91.64
B0031,3,43.0,3.975,3.4076,61.83,93.89,1.814,90.7
B0031,4,43.0,3.975,3.4097,61.96,93.89,1.8044,90.22
B0031,5,43.0,3.975,3.4074,62.1,93.89,1.8021,90.1
B0031,6,43.0,3.974,3.3939,62.04,91.85,1.7716,88.58
B0031,7,43.0,3.975,3.4129,61.84,91.85,1.814,90.7
B0031,8,43.0,3.975,3.4127,61.84,91.85,1.8013,90.06
B0031,9,43.0,3.975,3.4083,61.85,91.85,1.7884,89.42
B0031,10,43.0,3.975,3.411,61.76,91.85,1.7765,88.82
B0031,11,43.0,3.975,3.4029,61.92,91.34,1.7856,89.28
B0031,12,43.0,3.975,3.4114,61.86,91.34,1.7814,89.07
B0031,13,43.0,3.975,3.412,61.77,91.34,1.7685,88.42
B0031,14,43.0,3.975,3.414,61.65,91.34,1.7665,88.32
B0031,15,43.0,3.975,3.4112,61.89,91.34,1.7517,87.58
B0031,16,43.0,3.974,3.3967,61.99,91.2,1.7352,86.76
B0031,17,43.0,3.975,3.4118,61.74,91.2,1.7783,88.92
B0031,18,43.0,3.974,3.4107,61.82,91.2,1.765,88.25
B0031,19,43.0,3.974,3.4126,61.7,91.2,1.7626,88.13
B0031,20,43.0,3.974,3.41,61.83,91.2,1.7443,87.22
B0031,21,43.0,3.975,3.41,61.72,90.7,1.7628,88.14
B0031,22,43.0,3.975,3.4102,61.95,90.7,1.7479,87.4
B0031,23,43.0,3.975,3.4126,61.69,90.7,1.7441,87.2
B0031,24,43.0,3.974,3.4094,61.72,90.7,1.7268,86.34
B0031,25,43.0,3.975,3.409,61.92,90.7,1.7203,86.02
B0031,26,43.0,3.975,3.4043,61.88,93.64,1.7394,86.97
B0031,27,43.0,3.975,3.4144,61.49,93.64,1.7367,86.84
B0031,28,43.0,3.975,3.4104,61.71,93.64,1.717,85.85
B0031,29,43.0,3.975,3.4139,61.49,93.64,1.7128,85.64
B0031,30,43.0,3.975,3.4125,61.51,93.64,1.7061,85.3
B0031,31,43.0,3.975,3.4111,61.59,91.66,1.7137,85.68
B0031,32,43.0,3.975,3.4092,61.67,91.66,1.7093,85.46
B0031,33,43.0,3.975,3.4073,61.84,91.66,1.6901,84.5
B0031,34,43.0,3.974,3.408,61.78,91.66,1.6947,84.74
B0031,35,43.0,3.975,3.4089,61.64,91.66,1.687,84.35
B0031,36,43.0,3.975,3.4046,61.77,91.82,1.6957,84.78
B0031,37,43.0,3.975,3.4078,61.71,91.82,1.6877,84.38
B0031,38,43.0,3.975,3.4122,61.46,91.82,1.682,84.1
B0031,39,43.0,3.975,3.4114,61.46,91.82,1.675,83.75
B0031,40,43.0,3.975,3.4114,61.45,91.82,1.6673,83.36
B0032,1,43.0,3.989,3.3053,59.48,150.11,1.7049,85.24
B0032,2,43.0,3.99,3.3518,60.12,150.11,1.894,94.7
B0032,3,43.0,3.99,3.3536,60.29,150.11,1.8748,93.74
B0032,4,43.0,3.99,3.3527,60.57,150.11,1.8655,93.28
B0032,5,43.0,3.99,3.3529,60.44,150.11,1.8527,92.64
B0032,6,43.0,3.99,3.3444,60.81,146.8,1.8442,92.21
B0032,7,43.0,3.99,3.3503,60.79,146.8,1.843,92.15
B0032,8,43.0,3.99,3.3491,60.82,146.8,1.8303,91.52
B0032,9,43.0,3.99,3.3503,60.94,146.8,1.8174,90.87
B0032,10,43.0,3.99,3.3502,61.06,146.8,1.8058,90.29
B0032,11,43.0,3.99,3.3452,61.26,148.77,1.815,90.75
B0032,12,43.0,3.99,3.3498,61.31,148.77,1.7995,89.98
B0032,13,43.0,3.99,3.349,61.36,148.77,1.7867,89.34
B0032,14,43.0,3.99,3.3493,61.48,148.77,1.7736,88.68
B0032,15,43.0,3.99,3.3481,61.56,148.77,1.77,88.5
B0032,16,43.0,3.99,3.3361,61.76,149.07,1.7995,89.98
B0032,17,43.0,3.99,3.3437,61.79,149.07,1.7969,89.84
B0032,18,43.0,3.99,3.3441,62.03,149.07,1.7838,89.19
B0032,19,43.0,3.99,3.3421,62.06,149.07,1.7696,88.48
B0032,20,43.0,3.99,3.3456,61.82,149.07,1.7513,87.56
B0032,21,43.0,3.99,3.3384,62.13,150.31,1.7698,88.49
B0032,22,43.0,3.99,3.3407,62.21,150.31,1.7548,87.74
B0032,23,43.0,3.99,3.3414,62.28,150.31,1.7389,86.94
B0032,24,43.0,3.99,3.3388,62.41,150.31,1.7337,86.68
B0032,25,43.0,3.99,3.3399,62.22,150.31,1.7151,85.76
B0032,26,43.0,3.99,3.3329,62.62,151.54,1.7463,87.32
B0032,27,43.0,3.991,3.3404,62.26,151.54,1.7191,85.96
B0032,28,43.0,3.991,3.3385,62.43,151.54,1.7116,85.58
B0032,29,43.0,3.991,3.3353,62.56,151.54,1.6951,84.76
B0032,30,43.0,3.991,3.3336,62.58,151.54,1.7005,85.02
B0032,31,43.0,3.991,3.3314,62.57,150.49,1.7081,85.4
B0032,32,43.0,3.991,3.3353,62.43,150.49,1.6914,84.57
B0032,33,43.0,3.991,3.3334,62.43,150.49,1.6844,84.22
B0032,34,43.0,3.99,3.3334,62.57,150.49,1.664,83.2
B0032,35,43.0,3.991,3.331,62.58,150.49,1.6686,83.43
B0032,36,43.0,3.99,3.3256,62.97,152.21,1.6899,84.5
B0032,37,43.0,3.991,3.3306,62.76,152.21,1.6694,83.47
B0032,38,43.0,3.99,3.3287,62.7,152.21,1.6634,83.17
B0032,39,43.0,3.991,3.3316,62.46,152.21,1.6436,82.18
B0032,40,43.0,3.991,3.3267,62.79,152.21,1.6358,81.79
B0033,3,24.0,4.025,3.0257,53.52,234.18,1.1611,58.06
B0033,4,24.0,4.025,3.015,53.6,234.18,1.2529,62.64
B0033,5,24.0,4.025,3.0091,53.82,234.18,1.3029,65.14
B0033,6,24.0,4.025,2.9951,53.57,234.18,1.3219,66.1
B0033,7,24.0,4.026,2.9776,54.61,251.67,1.2885,64.42
B0033,8,24.0,4.026,2.9363,54.19,251.67,1.7132,85.66
B0033,9,24.0,4.026,3.0072,52.93,251.67,1.6561,82.8
B0033,10,24.0,4.026,3.0306,52.5,251.67,1.6197,80.98
B0033,11,24.0,4.026,3.0401,52.18,251.67,1.6047,80.24
B0033,12,24.0,4.026,3.0485,52.05,201.8,1.6256,81.28
B0033,13,24.0,4.026,3.0617,51.74,201.8,1.5901,79.51
B0033,14,24.0,4.026,3.0662,51.66,201.8,1.5739,78.7
B0033,15,24.0,4.026,3.0778,51.2,201.8,1.5711,78.55
B0033,16,24.0,4.026,3.0837,51.55,201.8,1.5898,79.49
B0033,17,24.0,4.026,3.0989,51.69,177.35,1.6257,81.28
B0033,18,24.0,4.027,3.113,51.81,177.35,1.6524,82.62
B0033,19,24.0,4.026,3.1051,51.01,177.35,1.6144,80.72
B0033,20,24.0,4.026,3.1004,50.61,177.35,1.587,79.35
B0033,21,24.0,4.026,3.0975,50.48,177.35,1.5818,79.09
B0033,22,24.0,4.027,3.114,52.81,175.44,1.692,84.6
B0033,23,24.0,4.026,3.1111,52.0,176.11,1.6879,84.4
B0033,24,24.0,4.026,3.1027,51.66,176.11,1.6586,82.93
B0033,25,24.0,4.027,3.102,51.51,176.11,1.642,82.1
B0033,26,24.0,4.027,3.1065,51.26,176.11,1.6382,81.91
B0033,27,24.0,4.027,3.1018,51.77,176.11,1.6423,82.12
B0033,28,24.0,4.027,3.1095,51.74,175.13,1.6513,82.56
B0033,29,24.0,4.027,3.1069,51.61,175.13,1.6327,81.64
B0033,30,24.0,4.027,3.0976,51.55,175.13,1.6261,81.31
B0033,31,24.0,4.026,3.1011,51.03,175.13,1.6079,80.4
B0033,32,24.0,4.026,3.097,51.41,175.13,1.6125,80.62
B0033,33,24.0,4.027,3.1053,51.45,174.29,1.6218,81.09
B0033,34,24.0,4.026,3.1056,51.3,174.29,1.6145,80.73
B0033,35,24.0,4.026,3.0962,51.29,174.29,1.5954,79.77
B0033,36,24.0,4.026,3.0974,51.19,174.29,1.5877,79.38
B0033,37,24.0,4.026,3.0975,51.18,174.29,1.5812,79.06
B0033,38,24.0,4.026,3.1114,52.17,174.55,1.6128,80.64
B0033,39,24.0,4.027,3.1164,52.75,174.55,1.62,81.0
B0033,40,24.0,4.027,3.1116,52.44,174.55,1.6099,80.5
B0033,41,24.0,4.027,3.0973,51.81,174.55,1.5771,78.86
B0033,42,24.0,4.026,3.089,51.74,174.55,1.5709,78.54
B0033,43,24.0,4.027,3.1044,52.54,173.28,1.6262,81.31
B0033,44,24.0,4.027,3.1112,53.32,174.8,1.6348,81.74
B0033,45,24.0,4.027,3.1082,52.67,174.8,1.6117,80.58
B0033,47,24.0,4.028,3.1141,52.74,175.37,1.6585,82.93
B0033,48,24.0,4.028,3.0992,52.53,175.37,1.6242,81.21
B0033,49,24.0,4.028,3.0967,52.22,175.37,1.6042,80.21
B0033,50,24.0,4.028,3.0978,52.73,175.37,1.608,80.4
B0033,51,24.0,4.029,3.1077,53.21,175.37,1.6257,81.28
B0033,52,24.0,4.029,3.1051,53.16,177.31,1.6176,80.88
B0033,53,24.0,4.028,3.096,52.6,177.31,1.5973,79.86
B0033,54,24.0,4.028,3.093,52.47,177.31,1.5876,79.38
B0033,55,24.0,4.028,3.0896,52.41,177.31,1.5803,79.02
B0033,56,24.0,4.028,3.0915,52.83,177.31,1.583,79.15
B0033,57,24.0,4.028,3.0986,53.6,181.1,1.6027,80.14
B0033,58,24.0,4.028,3.0989,53.25,181.1,1.5931,79.66
B0033,59,24.0,4.028,3.078,52.64,181.1,1.5449,77.24
B0033,60,24.0,4.028,3.072,52.51,181.1,1.5352,76.76
B0033,61,24.0,4.028,3.068,52.4,181.1,1.5253,76.26
B0033,62,24.0,4.028,3.0777,53.46,182.7,1.5559,77.8
B0033,63,24.0,4.028,3.0872,54.16,182.7,1.5648,78.24
B0033,64,24.0,4.028,3.081,53.69,182.7,1.5519,77.6
B0033,65,24.0,4.028,3.0627,52.92,182.7,1.5145,75.72
B0033,66,24.0,4.028,3.0579,52.77,182.7,1.5052,75.26
B0033,67,24.0,4.028,3.0639,53.75,184.67,1.6058,80.29
B0033,68,24.0,4.028,3.0801,54.5,185.61,1.6249,81.24
B0033,69,24.0,4.028,3.0766,53.48,185.61,1.5898,79.49
B0033,70,24.0,4.028,3.0585,53.19,185.61,1.5552,77.76
B0033,71,24.0,4.028,3.0524,52.92,185.61,1.5398,76.99
B0033,72,24.0,4.028,3.0462,52.95,185.61,1.5293,76.46
B0033,73,24.0,4.028,3.0533,54.16,192.1,1.5477,77.39
B0033,74,24.0,4.029,3.062,54.9,192.1,1.566,78.3
B0033,75,24.0,4.028,3.0501,53.8,192.1,1.5416,77.08
B0033,76,24.0,4.028,3.0327,53.55,192.1,1.5176,75.88
B0033,77,24.0,4.028,3.0278,53.3,192.1,1.5075,75.38
B0033,78,24.0,4.028,3.0186,53.69,198.55,1.4955,74.78
B0033,79,24.0,4.028,3.0259,53.46,198.55,1.4998,74.99
B0033,80,24.0,4.028,3.0201,53.31,198.55,1.4907,74.54
B0033,81,24.0,4.028,3.017,53.63,198.55,1.4801,74.0
B0033,82,24.0,4.028,3.021,53.31,198.55,1.4676,73.38
B0033,83,24.0,4.028,3.0203,53.25,199.25,1.473,73.65
B0033,84,24.0,4.028,3.0141,53.33,199.25,1.4743,73.72
B0033,85,24.0,4.028,3.013,53.67,199.25,1.4635,73.18
B0033,86,24.0,4.028,3.0097,53.43,199.25,1.4527,72.64
B0033,87,24.0,4.028,3.0057,53.8,199.25,1.4557,72.78
B0033,88,24.0,4.028,3.0063,53.54,204.72,1.4597,72.98
B0033,89,24.0,4.028,3.0002,53.85,204.72,1.4487,72.44
B0033,90,24.0,4.028,3.0041,54.31,204.72,1.4667,73.33
B0033,91,24.0,4.028,3.0135,54.72,204.72,1.469,73.45
B0033,92,24.0,4.028,3.0201,55.03,204.72,1.4711,73.56
B0033,93,24.0,4.028,2.9936,54.39,205.18,1.4473,72.36
B0033,94,24.0,4.028,2.9868,54.06,205.18,1.4205,71.03
B0033,95,24.0,4.028,2.9917,53.6,205.18,1.4241,71.2
B0033,96,24.0,4.028,2.9922,54.61,205.18,1.4413,72.06
B0033,97,24.0,4.028,3.0046,54.56,205.18,1.4449,72.24
B0033,98,24.0,4.028,2.9977,54.99,206.86,1.454,72.7
B0033,99,24.0,4.028,2.9875,54.16,206.86,1.4226,71.13
B0033,100,24.0,4.028,2.9857,53.88,206.86,1.4102,70.51
B0033,101,24.0,4.028,2.9861,54.01,206.86,1.4145,70.73
B0033,102,24.0,4.028,2.9932,55.02,206.86,1.4314,71.57
B0033,103,24.0,4.028,3.0043,55.57,204.84,1.4515,72.58
B0033,104,24.0,4.028,2.9938,54.93,204.84,1.423,71.15
B0033,105,24.0,4.028,2.9895,53.8,204.84,1.3963,69.82
B0033,106,24.0,4.028,2.9825,53.91,204.84,1.3979,69.9
B0033,107,24.0,4.028,2.9784,54.23,204.84,1.4011,70.06
B0033,108,24.0,4.028,2.9969,55.63,208.81,1.4368,71.84
B0033,109,24.0,4.028,3.0025,56.17,208.81,1.437,71.85
B0033,110,24.0,4.028,2.9922,55.54,208.81,1.4104,70.52
B0033,111,24.0,4.028,2.9824,54.43,208.81,1.3826,69.13
B0033,112,24.0,4.028,2.9671,54.6,208.81,1.3699,68.49
B0033,113,24.0,4.028,2.9623,55.29,212.45,1.3786,68.93
B0033,115,24.0,4.028,3.0169,54.65,197.6,1.4234,71.17
B0033,116,24.0,4.028,3.0049,54.15,197.6,1.3946,69.73
B0033,117,24.0,4.028,2.991,54.54,197.6,1.3962,69.81
B0033,118,24.0,4.028,2.9814,54.78,197.6,1.385,69.25
B0033,119,24.0,4.028,2.9831,54.65,197.6,1.3715,68.58
B0033,120,24.0,4.028,2.982,54.51,209.63,1.3617,68.08
B0033,121,24.0,4.028,2.9758,54.42,209.63,1.3796,68.98
B0033,122,24.0,4.028,2.9722,54.6,209.63,1.3642,68.21
B0033,123,24.0,4.028,2.9814,54.62,209.63,1.3418,67.09
B0033,124,24.0,4.028,2.9766,54.56,209.63,1.3552,67.76
B0033,125,24.0,4.028,2.9678,55.04,211.89,1.3404,67.02
B0033,126,24.0,4.028,2.9703,54.87,211.89,1.3594,67.97
B0033,127,24.0,4.028,2.9708,54.61,211.89,1.3457,67.28
B0033,128,24.0,4.028,2.9675,54.77,211.89,1.3478,67.39
B0033,129,24.0,4.028,2.9579,55.08,211.89,1.3355,66.77
B0033,130,24.0,4.028,2.9698,56.29,217.34,1.3532,67.66
B0033,131,24.0,4.028,2.9704,57.27,217.34,1.371,68.55
B0033,132,24.0,4.028,2.9516,57.23,217.34,1.3574,67.87
B0033,133,24.0,4.028,2.9168,57.2,217.34,1.3444,67.22
B0033,134,24.0,4.028,2.9032,57.02,217.34,1.3301,66.51
B0033,135,24.0,4.027,2.9444,55.93,252.89,1.4034,70.17
B0033,136,24.0,4.028,2.99,56.3,203.48,1.3866,69.33
B0033,137,24.0,4.028,2.9496,56.51,203.48,1.3704,68.52
B0033,138,24.0,4.028,2.9429,56.69,203.48,1.3253,66.26
B0033,148,24.0,4.028,2.8096,61.14,303.85,1.4615,73.08
B0033,149,24.0,4.028,2.9545,56.35,303.85,1.4151,70.76
B0033,150,24.0,4.028,2.9564,55.52,303.85,1.3836,69.18
B0033,151,24.0,4.028,2.9583,54.99,230.01,1.3705,68.53
B0033,152,24.0,4.028,2.9702,54.54,230.01,1.3557,67.78
B0033,153,24.0,4.028,2.9644,54.73,230.01,1.3578,67.89
B0033,154,24.0,4.027,2.9589,55.0,230.01,1.3609,68.04
B0033,155,24.0,4.028,2.9615,54.72,230.01,1.3496,67.48
B0033,156,24.0,4.028,2.9295,54.43,226.57,1.1889,59.44
B0033,157,24.0,4.028,3.038,54.89,209.22,1.5041,75.2
B0033,158,24.0,4.028,3.0189,54.47,209.22,1.4899,74.5
B0033,159,24.0,4.028,3.0115,54.12,209.22,1.4753,73.76
B0033,160,24.0,4.028,3.0096,53.77,209.22,1.4598,72.99
B0033,161,24.0,4.028,3.0089,54.61,209.22,1.4474,72.37
B0033,162,24.0,4.028,3.018,55.29,211.41,1.4676,73.38
B0033,163,24.0,4.028,3.0154,54.26,211.41,1.4416,72.08
B0033,164,24.0,4.028,2.999,54.02,211.41,1.4184,70.92
B0033,165,24.0,4.027,2.9978,53.57,211.41,1.4032,70.16
B0033,166,24.0,4.028,3.0036,53.48,211.41,1.3911,69.56
B0033,167,24.0,4.028,3.0111,53.87,210.15,1.4086,70.43
B0033,168,24.0,4.028,3.0178,54.16,210.15,1.4138,70.69
B0033,169,24.0,4.028,3.0136,54.17,210.15,1.4125,70.62
B0033,170,24.0,4.028,2.9962,53.79,210.15,1.3832,69.16
B0033,171,24.0,4.028,2.9985,53.23,210.15,1.3646,68.23
B0033,172,24.0,4.028,2.9845,53.58,208.03,1.3698,68.49
B0033,173,24.0,4.028,3.0001,54.5,208.03,1.3868,69.34
B0033,174,24.0,4.028,3.0095,54.47,208.03,1.3919,69.6
B0033,175,24.0,4.028,3.0096,53.89,208.03,1.3772,68.86
B0033,176,24.0,4.027,2.9919,53.78,208.03,1.36,68.0
B0033,177,24.0,4.028,3.004,54.8,204.5,1.3798,68.99
B0033,178,24.0,4.028,2.9946,53.59,206.78,1.3631,68.16
B0033,179,24.0,4.028,2.984,53.86,206.78,1.3652,68.26
B0033,180,24.0,4.028,2.988,53.5,206.78,1.3499,67.5
B0033,181,24.0,4.028,2.9823,53.71,206.78,1.353,67.65
B0033,182,24.0,4.028,2.982,53.97,206.78,1.3536,67.68
B0033,183,24.0,4.028,2.9781,53.9,205.15,1.3432,67.16
B0033,184,24.0,4.027,2.984,53.58,205.15,1.3412,67.06
B0033,185,24.0,4.028,2.9886,53.36,205.15,1.3277,66.39
B0033,186,24.0,4.028,2.9856,53.57,205.15,1.3298,66.49
B0033,187,24.0,4.028,2.9968,54.03,205.15,1.3356,66.78
B0033,188,24.0,4.027,2.9812,53.32,204.41,1.3177,65.89
B0033,189,24.0,4.027,2.9855,53.16,204.41,1.3176,65.88
B0033,190,24.0,4.028,2.9823,53.44,204.41,1.3185,65.92
B0033,191,24.0,4.028,2.9785,53.71,204.41,1.3215,66.07
B0033,192,24.0,4.028,2.9888,53.19,204.41,1.3047,65.24
B0033,193,24.0,4.028,3.0302,56.5,200.35,1.328,66.4
B0033,194,24.0,4.028,3.0268,55.32,200.35,1.3635,68.18
B0033,195,24.0,4.028,2.9959,54.58,200.35,1.3291,66.46
B0033,196,24.0,4.028,2.9869,54.01,200.35,1.3124,65.62
B0033,197,24.0,4.027,2.9919,53.48,200.35,1.3153,65.76
B0034,2,24.0,4.026,3.0582,53.73,275.36,1.6623,83.12
B0034,3,24.0,4.026,3.0711,54.14,275.36,1.6451,82.26
B0034,4,24.0,4.027,3.0698,54.23,275.36,1.6207,81.04
B0034,5,24.0,4.027,3.0647,54.18,275.36,1.5967,79.83
B0034,6,24.0,4.027,3.0452,54.1,275.36,1.4857,74.28
B0034,7,24.0,4.027,3.0459,54.04,266.48,1.4867,74.33
B0034,8,24.0,4.027,3.0478,54.56,266.48,1.4701,73.5
B0034,9,24.0,4.027,3.0457,54.47,266.48,1.4565,72.82
B0034,10,24.0,4.027,3.0483,54.16,266.48,1.4419,72.1
B0034,11,24.0,4.027,3.0449,54.45,266.48,1.4371,71.86
B0034,12,24.0,4.027,3.051,54.2,263.76,1.4459,72.3
B0034,13,24.0,4.027,3.0545,53.81,263.76,1.4321,71.6
B0034,14,24.0,4.027,3.053,53.85,263.76,1.4267,71.34
B0034,15,24.0,4.027,3.0563,53.61,263.76,1.4231,71.16
B0034,16,24.0,4.027,3.068,53.36,263.76,1.4409,72.04
B0034,17,24.0,4.027,3.076,53.83,262.99,1.4869,74.34
B0034,18,24.0,4.027,3.0893,53.99,262.99,1.5245,76.22
B0034,19,24.0,4.027,3.0769,53.39,262.99,1.4629,73.15
B0034,20,24.0,4.027,3.0651,53.38,262.99,1.4231,71.16
B0034,21,24.0,4.027,3.0619,53.13,262.99,1.4051,70.26
B0034,22,24.0,4.028,3.0817,55.81,262.87,1.6329,81.64
B0034,23,24.0,4.027,3.0806,55.58,266.7,1.5687,78.44
B0034,24,24.0,4.027,3.0702,55.56,266.7,1.515,75.75
B0034,25,24.0,4.027,3.0701,55.43,266.7,1.4855,74.28
B0034,26,24.0,4.027,3.0661,55.91,266.7,1.4808,74.04
B0034,27,24.0,4.027,3.0701,55.78,266.7,1.484,74.2
B0034,28,24.0,4.027,3.0769,55.82,263.7,1.4922,74.61
B0034,29,24.0,4.027,3.0723,55.82,263.7,1.4733,73.67
B0034,30,24.0,4.027,3.0652,55.51,263.7,1.4416,72.08
B0034,31,24.0,4.027,3.057,55.81,263.7,1.4226,71.13
B0034,32,24.0,4.027,3.0649,55.56,263.7,1.4266,71.33
B0034,33,24.0,4.027,3.0712,55.75,263.5,1.4597,72.98
B0034,34,24.0,4.027,3.067,55.88,263.5,1.4396,71.98
B0034,35,24.0,4.027,3.0651,55.52,263.5,1.4196,70.98
B0034,36,24.0,4.027,3.0571,56.04,263.5,1.4118,70.59
B0034,37,24.0,4.027,3.0617,55.79,263.5,1.4044,70.22
B0034,38,24.0,4.027,3.0806,56.3,262.78,1.4735,73.68
B0034,39,24.0,4.027,3.08,57.2,262.78,1.4927,74.63
B0034,40,24.0,4.027,3.083,56.48,262.78,1.482,74.1
B0034,41,24.0,4.027,3.0702,55.71,262.78,1.4236,71.18
B0034,42,24.0,4.027,3.0643,55.73,262.78,1.4038,70.19
B0034,43,24.0,4.027,3.0784,56.69,263.86,1.5363,76.82
B0034,44,24.0,4.027,3.0861,57.52,263.67,1.544,77.2
B0034,45,24.0,4.027,3.0844,56.65,263.67,1.5079,75.4
B0034,47,24.0,4.029,3.0651,58.28,268.39,1.5937,79.68
B0034,48,24.0,4.029,3.0603,57.59,268.39,1.5331,76.66
B0034,49,24.0,4.028,3.058,57.28,268.39,1.4862,74.31
B0034,50,24.0,4.029,3.0571,57.87,268.39,1.5029,75.14
B0034,51,24.0,4.029,3.0705,58.01,268.39,1.5202,76.01
B0034,52,24.0,4.029,3.0655,58.31,269.59,1.5118,75.59
B0034,53,24.0,4.029,3.0567,57.75,269.59,1.4646,73.23
B0034,54,24.0,4.029,3.0558,57.59,269.59,1.4546,72.73
B0034,55,24.0,4.029,3.0496,57.76,269.59,1.4333,71.67
B0034,56,24.0,4.028,3.0553,57.84,269.59,1.4493,72.46
B0034,57,24.0,4.029,3.065,58.51,268.83,1.4952,74.76
B0034,58,24.0,4.029,3.0617,58.4,268.83,1.4721,73.6
B0034,59,24.0,4.029,3.051,57.2,268.83,1.4097,70.48
B0034,60,24.0,4.028,3.0463,57.09,268.83,1.3862,69.31
B0034,61,24.0,4.028,3.0416,57.06,268.83,1.3624,68.12
B0034,62,24.0,4.029,3.0531,57.99,267.21,1.4471,72.36
B0034,63,24.0,4.029,3.0681,58.16,267.21,1.4554,72.77
B0034,64,24.0,4.029,3.0584,58.3,267.21,1.4424,72.12
B0034,65,24.0,4.029,3.0423,57.38,267.21,1.3775,68.88
B0034,66,24.0,4.029,3.0352,57.42,267.21,1.354,67.7
B0034,67,24.0,4.029,3.0522,57.72,269.56,1.5509,77.54
B0034,68,24.0,4.029,3.0705,58.17,271.95,1.5563,77.82
B0034,69,24.0,4.029,3.0601,57.75,271.95,1.5068,75.34
B0034,70,24.0,4.029,3.044,57.51,271.95,1.4441,72.2
B0034,71,24.0,4.029,3.0438,56.86,271.95,1.4144,70.72
B0034,72,24.0,4.029,3.0387,56.98,271.95,1.3898,69.49
B0034,73,24.0,4.029,3.0501,57.96,271.16,1.45,72.5
B0034,74,24.0,4.029,3.0616,58.37,271.16,1.4679,73.4
B0034,75,24.0,4.029,3.0446,57.88,271.16,1.4291,71.46
B0034,76,24.0,4.029,3.0298,57.63,271.16,1.3767,68.84
B0034,77,24.0,4.029,3.0334,56.8,271.16,1.3516,67.58
B0034,78,24.0,4.029,3.0333,56.88,273.22,1.354,67.7
B0034,79,24.0,4.029,3.0328,57.11,273.22,1.3577,67.88
B0034,80,24.0,4.029,3.0232,57.24,273.22,1.3342,66.71
B0034,81,24.0,4.028,3.0324,56.8,273.22,1.3372,66.86
B0034,82,24.0,4.029,3.0306,56.74,273.22,1.339,66.95
B0034,83,24.0,4.028,3.0231,57.19,273.08,1.3439,67.2
B0034,84,24.0,4.029,3.024,57.13,273.08,1.3455,67.27
B0034,85,24.0,4.029,3.0314,56.69,273.08,1.3482,67.41
B0034,86,24.0,4.029,3.0208,57.14,273.08,1.3373,66.86
B0034,87,24.0,4.029,3.0225,57.29,273.08,1.3403,67.02
B0034,88,24.0,4.029,3.0229,56.9,272.14,1.3291,66.46
B0034,89,24.0,4.029,3.023,57.13,272.14,1.3323,66.62
B0034,90,24.0,4.029,3.0351,57.09,272.14,1.3502,67.51
B0034,91,24.0,4.029,3.0429,57.56,272.14,1.3815,69.08
B0034,92,24.0,4.029,3.042,58.13,272.14,1.3836,69.18
B0034,93,24.0,4.029,3.0219,57.36,272.15,1.3301,66.51
B0034,94,24.0,4.028,3.0157,57.08,272.15,1.3177,65.89
B0034,95,24.0,4.029,3.0185,56.56,272.15,1.3064,65.32
B0034,96,24.0,4.029,3.0266,57.17,272.15,1.3382,66.91
B0034,97,24.0,4.029,3.0265,57.9,272.15,1.3563,67.82
B0034,98,24.0,4.029,3.0274,58.12,272.24,1.3649,68.24
B0034,99,24.0,4.029,3.0222,56.98,272.24,1.3338,66.69
B0034,100,24.0,4.029,3.0197,56.67,272.24,1.306,65.3
B0034,101,24.0,4.029,3.0161,57.04,272.24,1.3102,65.51
B0034,102,24.0,4.029,3.0283,57.65,272.24,1.3568,67.84
B0034,103,24.0,4.029,3.0368,58.29,272.94,1.3917,69.58
B0034,104,24.0,4.029,3.0264,57.95,272.94,1.363,68.15
B0034,105,24.0,4.029,3.0199,56.92,272.94,1.3212,66.06
B0034,106,24.0,4.029,3.0111,57.2,272.94,1.3075,65.38
B0034,107,24.0,4.029,3.0193,56.75,272.94,1.3106,65.53
B0034,108,24.0,4.029,3.0319,58.61,273.71,1.3763,68.82
B0034,109,24.0,4.029,3.0424,58.69,273.71,1.3918,69.59
B0034,110,24.0,4.029,3.0277,58.29,273.71,1.365,68.25
B0034,111,24.0,4.029,3.016,57.38,273.71,1.3219,66.1
B0034,112,24.0,4.029,3.0075,57.58,273.71,1.309,65.45
B0034,113,24.0,4.029,3.019,57.13,272.64,1.3327,66.64
B0034,115,24.0,4.029,3.0393,57.74,275.24,1.3773,68.86
B0034,116,24.0,4.029,3.0285,57.39,275.24,1.3488,67.44
B0034,117,24.0,4.028,3.0315,56.9,275.24,1.3502,67.51
B0034,118,24.0,4.028,3.0236,57.24,275.24,1.3388,66.94
B0034,119,24.0,4.029,3.0256,56.92,275.24,1.3253,66.26
B0034,120,24.0,4.028,3.0167,57.63,273.58,1.3308,66.54
B0034,121,24.0,4.029,3.0225,57.01,273.58,1.3331,66.66
B0034,122,24.0,4.029,3.0194,57.17,273.58,1.3333,66.66
B0034,123,24.0,4.028,3.0215,56.97,273.58,1.3264,66.32
B0034,124,24.0,4.029,3.0178,57.1,273.58,1.324,66.2
B0034,125,24.0,4.028,3.0203,57.07,274.93,1.3249,66.24
B0034,126,24.0,4.029,3.015,57.43,274.93,1.3283,66.42
B0034,127,24.0,4.029,3.0132,57.61,274.93,1.3146,65.73
B0034,128,24.0,4.029,3.0175,57.14,274.93,1.3167,65.83
B0034,129,24.0,4.029,3.0132,57.24,274.93,1.3042,65.21
B0034,130,24.0,4.029,3.0247,58.39,276.26,1.3534,67.67
B0034,131,24.0,4.029,3.0339,58.9,276.26,1.3713,68.56
B0034,132,24.0,4.029,3.0298,58.27,276.26,1.3577,67.88
B0034,133,24.0,4.029,3.0131,58.03,276.26,1.3287,66.44
B0034,134,24.0,4.029,3.013,57.38,276.26,1.3144,65.72
B0034,135,24.0,4.028,3.0154,58.49,275.03,1.3867,69.34
B0034,136,24.0,4.029,3.035,58.64,275.89,1.3868,69.34
B0034,137,24.0,4.029,3.0305,57.64,275.89,1.3548,67.74
B0034,138,24.0,4.029,3.0146,57.61,275.89,1.3256,66.28
B0034,139,24.0,4.029,3.0197,56.8,275.89,1.312,65.6
B0034,140,24.0,4.029,3.0147,56.21,275.89,1.3064,65.32
B0034,141,24.0,4.029,3.0301,57.15,274.46,1.3418,67.09
B0034,142,24.0,4.03,3.0278,58.23,274.46,1.3609,68.04
B0034,143,24.0,4.029,3.0277,56.9,274.46,1.33,66.5
B0034,144,24.0,4.029,3.0174,56.43,274.46,1.2991,64.96
B0034,145,24.0,4.029,3.0117,56.6,274.46,1.2985,64.92
B0034,146,24.0,4.029,3.0097,57.47,274.62,1.3176,65.88
B0034,147,24.0,4.029,3.0292,57.44,274.62,1.3361,66.81
B0034,148,24.0,4.029,3.0371,59.12,274.62,1.3636,68.18
B0034,149,24.0,4.029,3.0185,58.23,274.62,1.3333,66.66
B0034,150,24.0,4.029,3.0074,57.7,274.62,1.3023,65.11
B0034,151,24.0,4.029,2.9977,57.78,275.89,1.2889,64.44
B0034,152,24.0,4.029,3.0024,57.24,275.89,1.2903,64.52
B0034,153,24.0,4.029,3.0016,57.39,275.89,1.2924,64.62
B0034,154,24.0,4.029,3.0022,57.49,275.89,1.2954,64.77
B0034,155,24.0,4.029,3.0035,57.12,275.89,1.2832,64.16
B0034,156,24.0,4.029,3.0263,59.01,276.83,1.4557,72.78
B0034,157,24.0,4.029,3.0331,59.54,277.93,1.4547,72.74
B0034,158,24.0,4.029,3.0286,58.41,277.93,1.4234,71.17
B0034,159,24.0,4.029,3.0164,58.34,277.93,1.3926,69.63
B0034,160,24.0,4.029,3.0152,58.01,277.93,1.3766,68.83
B0034,161,24.0,4.029,3.0164,58.52,277.93,1.381,69.05
B0034,162,24.0,4.029,3.0217,59.51,278.17,1.4008,70.04
B0034,163,24.0,4.029,3.0207,58.58,278.17,1.3746,68.73
B0034,164,24.0,4.029,3.0094,57.98,278.17,1.3346,66.73
B0034,165,24.0,4.029,3.0038,58.06,278.17,1.3364,66.82
B0034,166,24.0,4.029,3.0025,57.78,278.17,1.3069,65.34
B0034,167,24.0,4.029,3.0123,58.21,279.49,1.3415,67.07
B0034,168,24.0,4.029,3.0143,58.61,279.49,1.3464,67.32
B0034,169,24.0,4.029,3.0122,58.64,279.49,1.345,67.25
B0034,170,24.0,4.029,3.0024,58.05,279.49,1.3159,65.8
B0034,171,24.0,4.029,2.9925,58.29,279.49,1.2973,64.86
B0034,172,24.0,4.028,2.9877,58.03,279.89,1.2851,64.26
B0034,173,24.0,4.029,3.0031,58.81,279.89,1.319,65.95
B0034,174,24.0,4.029,3.0155,58.77,279.89,1.341,67.05
B0034,175,24.0,4.029,3.0072,58.49,279.89,1.3261,66.31
B0034,176,24.0,4.029,2.9954,58.33,279.89,1.3091,65.46
B0034,177,24.0,4.029,3.0089,59.36,279.56,1.363,68.15
B0034,178,24.0,4.029,3.0041,57.71,279.99,1.3293,66.46
B0034,179,24.0,4.029,2.999,57.63,279.99,1.2969,64.84
B0034,180,24.0,4.029,2.9929,57.88,279.99,1.2986,64.93
B0034,181,24.0,4.028,2.9956,57.47,279.99,1.2841,64.2
B0034,182,24.0,4.029,3.003,57.69,279.99,1.3021,65.1
B0034,183,24.0,4.028,2.9896,58.24,280.99,1.3089,65.44
B0034,184,24.0,4.029,2.9833,58.16,280.99,1.2723,63.62
B0034,185,24.0,4.029,2.9896,57.67,280.99,1.276,63.8
B0034,186,24.0,4.029,2.9829,57.95,280.99,1.2605,63.02
B0034,187,24.0,4.029,2.9914,57.51,280.99,1.2661,63.3
B0034,188,24.0,4.029,2.9889,57.45,280.43,1.2658,63.29
B0034,189,24.0,4.028,2.9879,57.51,280.43,1.2656,63.28
B0034,190,24.0,4.029,2.9782,58.25,280.43,1.2664,63.32
B0034,191,24.0,4.029,2.9868,57.98,280.43,1.2868,64.34
B0034,192,24.0,4.029,2.9868,57.69,280.43,1.27,63.5
B0034,193,24.0,4.029,3.012,59.71,277.71,1.346,67.3
B0034,194,24.0,4.029,3.0081,59.6,277.71,1.3287,66.44
B0034,195,24.0,4.029,2.9971,58.94,277.71,1.312,65.6
B0034,196,24.0,4.029,2.9899,58.68,277.71,1.2951,64.76
B0034,197,24.0,4.029,2.9808,58.64,277.71,1.2803,64.02
B0036,2,24.0,1.998,3.459,26.55,233.8,1.8011,90.06
B0036,3,24.0,1.998,3.4657,26.5,233.8,1.8044,90.22
B0036,4,24.0,1.999,3.4663,26.38,233.8,1.8044,90.22
B0036,5,24.0,1.998,3.4655,26.04,233.8,1.7989,89.94
B0036,6,24.0,1.998,3.4593,25.53,233.8,1.793,89.65
B0036,7,24.0,1.997,3.4582,25.43,230.42,1.7886,89.43
B0036,8,24.0,1.997,3.4621,25.5,230.42,1.7891,89.46
B0036,9,24.0,1.998,3.4615,25.54,230.42,1.7893,89.46
B0036,10,24.0,1.998,3.4623,25.42,230.42,1.7861,89.3
B0036,11,24.0,1.997,3.4634,25.38,230.42,1.7836,89.18
B0036,12,24.0,1.998,3.4635,25.61,227.78,1.783,89.15
B0036,13,24.0,1.997,3.4656,25.49,227.78,1.7814,89.07
B0036,14,24.0,1.997,3.4667,25.39,227.78,1.7785,88.92
B0036,15,24.0,1.998,3.4671,25.45,227.78,1.7759,88.8
B0036,16,24.0,1.998,3.4696,26.01,227.78,1.778,88.9
B0036,17,24.0,1.998,3.4713,26.85,228.0,1.783,89.15
B0036,18,24.0,1.998,3.4772,27.82,228.0,1.7883,89.42
B0036,19,24.0,1.998,3.4706,26.2,228.0,1.7793,88.96
B0036,20,24.0,1.997,3.4689,25.7,228.0,1.7709,88.54
B0036,21,24.0,1.997,3.4695,25.46,228.0,1.7659,88.3
B0036,22,24.0,1.999,3.4715,37.63,227.58,1.7827,89.14
B0036,23,24.0,1.998,3.474,36.14,226.31,1.7965,89.82
B0036,24,24.0,1.996,3.4703,35.63,226.31,1.7909,89.54
B0036,25,24.0,1.996,3.4691,35.57,226.31,1.7852,89.26
B0036,26,24.0,1.996,3.4691,35.7,226.31,1.7811,89.06
B0036,27,24.0,1.996,3.4712,35.95,226.31,1.7756,88.78
B0036,28,24.0,1.996,3.4714,36.33,226.04,1.7769,88.84
B0036,29,24.0,1.996,3.4724,35.98,226.04,1.7713,88.56
B0036,30,24.0,1.996,3.4692,35.6,226.04,1.7713,88.56
B0036,31,24.0,1.996,3.4674,35.45,226.04,1.7661,88.3
B0036,32,24.0,1.996,3.4702,35.64,226.04,1.7593,87.96
B0036,33,24.0,1.996,3.4713,36.1,225.42,1.761,88.05
B0036,34,24.0,1.996,3.47,35.92,225.42,1.7602,88.01
B0036,35,24.0,1.996,3.4677,35.53,225.42,1.7556,87.78
B0036,36,24.0,1.996,3.4673,35.59,225.42,1.7546,87.73
B0036,37,24.0,1.996,3.4676,35.6,225.42,1.7499,87.5
B0036,38,24.0,1.996,3.4741,37.15,225.09,1.761,88.05
B0036,39,24.0,1.995,3.4783,37.81,225.09,1.7624,88.12
B0036,40,24.0,1.996,3.4763,36.92,225.09,1.7536,87.68
B0036,41,24.0,1.996,3.4698,36.09,225.09,1.7462,87.31
B0036,42,24.0,1.996,3.4677,35.83,225.09,1.7406,87.03
B0036,43,24.0,1.995,3.4742,37.02,225.89,1.7507,87.54
B0036,44,24.0,1.996,3.4813,37.72,224.41,1.7651,88.26
B0036,45,24.0,1.996,3.4782,36.98,224.41,1.7632,88.16
B0036,47,24.0,1.997,3.4766,37.03,228.4,1.7654,88.27
B0036,48,24.0,1.997,3.4745,36.34,228.4,1.7572,87.86
B0036,49,24.0,1.997,3.4707,36.15,228.4,1.7574,87.87
B0036,50,24.0,1.997,3.4728,37.01,228.4,1.7617,88.08
B0036,51,24.0,1.997,3.4778,37.86,228.4,1.7607,88.04
B0036,52,24.0,1.997,3.4756,37.45,226.21,1.7607,88.04
B0036,53,24.0,1.997,3.4736,36.78,226.21,1.753,87.65
B0036,54,24.0,1.997,3.4724,36.64,226.21,1.7505,87.52
B0036,55,24.0,1.997,3.4713,37.14,226.21,1.7501,87.5
B0036,56,24.0,1.997,3.4737,37.12,226.21,1.7466,87.33
B0036,57,24.0,1.997,3.4765,38.21,227.24,1.7536,87.68
B0036,58,24.0,1.997,3.476,37.51,227.24,1.7507,87.54
B0036,59,24.0,1.997,3.4678,36.39,227.24,1.7433,87.16
B0036,60,24.0,1.997,3.4681,36.06,227.24,1.7337,86.68
B0036,61,24.0,1.997,3.4659,35.92,227.24,1.7319,86.6
B0036,62,24.0,1.997,3.4713,37.6,227.05,1.7429,87.14
B0036,63,24.0,1.996,3.4773,38.47,227.05,1.7433,87.16
B0036,64,24.0,1.997,3.4732,37.38,227.05,1.7385,86.92
B0036,65,24.0,1.997,3.4655,36.33,227.05,1.7296,86.48
B0036,66,24.0,1.997,3.4633,36.17,227.05,1.7273,86.36
B0036,67,24.0,1.997,3.4702,36.94,227.25,1.7449,87.24
B0036,68,24.0,1.997,3.4766,37.96,226.28,1.7642,88.21
B0036,69,24.0,1.997,3.4747,36.73,226.28,1.7505,87.52
B0036,70,24.0,1.997,3.4679,36.08,226.28,1.7443,87.22
B0036,71,24.0,1.996,3.4665,35.85,226.28,1.7365,86.82
B0036,72,24.0,1.997,3.4643,35.7,226.28,1.7332,86.66
B0036,73,24.0,1.996,3.4709,37.23,227.48,1.7386,86.93
B0036,74,24.0,1.996,3.4723,38.22,227.48,1.7432,87.16
B0036,75,24.0,1.997,3.4691,36.63,227.48,1.7333,86.66
B0036,76,24.0,1.996,3.4623,36.02,227.48,1.7299,86.5
B0036,77,24.0,1.997,3.4618,35.64,227.48,1.7204,86.02
B0036,78,24.0,1.997,3.459,35.82,228.56,1.7244,86.22
B0036,79,24.0,1.996,3.4599,35.85,228.56,1.7215,86.08
B0036,80,24.0,1.997,3.4575,35.69,228.56,1.7197,85.98
B0036,81,24.0,1.996,3.4597,35.82,228.56,1.7164,85.82
B0036,82,24.0,1.997,3.4586,35.63,228.56,1.7112,85.56
B0036,83,24.0,1.997,3.4569,35.66,227.51,1.7102,85.51
B0036,84,24.0,1.997,3.4556,35.75,227.51,1.7131,85.66
B0036,85,24.0,1.997,3.4568,35.78,227.51,1.7104,85.52
B0036,86,24.0,1.997,3.455,35.71,227.51,1.7065,85.32
B0036,87,24.0,1.997,3.4571,35.73,227.51,1.7029,85.15
B0036,88,24.0,1.997,3.4533,35.77,229.34,1.7073,85.36
B0036,89,24.0,1.997,3.4558,35.85,229.34,1.7039,85.2
B0036,90,24.0,1.997,3.4579,36.57,229.34,1.708,85.4
B0036,91,24.0,1.996,3.4613,37.22,229.34,1.7113,85.56
B0036,92,24.0,1.996,3.4615,37.24,229.34,1.7141,85.7
B0036,93,24.0,1.997,3.4528,36.1,228.46,1.7053,85.26
B0036,94,24.0,1.996,3.4517,35.59,228.46,1.6935,84.68
B0036,95,24.0,1.996,3.45,35.42,228.46,1.6905,84.52
B0036,96,24.0,1.996,3.4541,36.54,228.46,1.7008,85.04
B0036,97,24.0,1.996,3.4577,37.07,228.46,1.6971,84.86
B0036,98,24.0,1.996,3.4568,36.83,228.71,1.6998,84.99
B0036,99,24.0,1.996,3.4503,35.93,228.71,1.6913,84.56
B0036,100,24.0,1.996,3.4486,35.78,228.71,1.6857,84.28
B0036,101,24.0,1.996,3.4499,35.84,228.71,1.6832,84.16
B0036,102,24.0,1.996,3.4557,37.17,228.71,1.6929,84.65
B0036,103,24.0,1.996,3.4597,37.84,229.1,1.6985,84.92
B0036,104,24.0,1.996,3.4537,36.94,229.1,1.6936,84.68
B0036,105,24.0,1.996,3.447,35.98,229.1,1.6831,84.16
B0036,106,24.0,1.997,3.4454,35.91,229.1,1.685,84.25
B0036,107,24.0,1.996,3.4478,36.02,229.1,1.6803,84.02
B0036,108,24.0,1.996,3.4574,37.65,230.15,1.6944,84.72
B0036,109,24.0,1.996,3.4605,38.27,230.15,1.6956,84.78
B0036,110,24.0,1.996,3.4561,37.27,230.15,1.6842,84.21
B0036,111,24.0,1.996,3.4488,36.24,230.15,1.6722,83.61
B0036,112,24.0,1.996,3.4469,35.99,230.15,1.6676,83.38
B0036,113,24.0,1.996,3.4464,36.75,229.92,1.6782,83.91
B0036,115,24.0,1.996,3.4596,37.31,228.26,1.6913,84.56
B0036,116,24.0,1.997,3.4574,36.6,228.26,1.6803,84.02
B0036,117,24.0,1.996,3.456,36.44,228.26,1.6731,83.66
B0036,118,24.0,1.996,3.4542,36.33,228.26,1.6704,83.52
B0036,119,24.0,1.996,3.4549,36.3,228.26,1.666,83.3
B0036,120,24.0,1.996,3.4534,36.32,227.92,1.6642,83.21
B0036,121,24.0,1.996,3.4513,36.32,227.92,1.6668,83.34
B0036,122,24.0,1.996,3.4526,36.23,227.92,1.6595,82.98
B0036,123,24.0,1.996,3.4488,36.36,227.92,1.6624,83.12
B0036,124,24.0,1.996,3.448,36.3,227.92,1.6604,83.02
B0036,125,24.0,1.996,3.4499,36.43,228.85,1.661,83.05
B0036,126,24.0,1.996,3.4497,36.4,228.85,1.6575,82.88
B0036,127,24.0,1.996,3.4504,36.32,228.85,1.6508,82.54
B0036,128,24.0,1.996,3.4471,36.41,228.85,1.6533,82.66
B0036,129,24.0,1.996,3.4478,36.28,228.85,1.6494,82.47
B0036,130,24.0,1.996,3.4534,37.95,229.15,1.6679,83.4
B0036,131,24.0,1.996,3.4585,38.42,229.15,1.6709,83.54
B0036,132,24.0,1.996,3.4544,37.82,229.15,1.6658,83.29
B0036,133,24.0,1.996,3.4498,36.92,229.15,1.6533,82.66
B0036,134,24.0,1.996,3.4472,36.62,229.15,1.6469,82.34
B0036,135,24.0,1.996,3.4518,37.27,231.15,1.6719,83.6
B0036,136,24.0,1.996,3.4598,38.26,228.92,1.6808,84.04
B0036,137,24.0,1.996,3.4523,37.23,228.92,1.6738,83.69
B0036,138,24.0,1.996,3.4508,36.75,228.92,1.6606,83.03
B0036,139,24.0,1.996,3.4473,36.46,228.92,1.656,82.8
B0036,140,24.0,1.996,3.4456,36.12,228.92,1.6469,82.34
B0036,141,24.0,1.996,3.4536,37.63,229.65,1.6575,82.88
B0036,142,24.0,1.996,3.4565,38.17,229.65,1.6604,83.02
B0036,143,24.0,1.996,3.4518,37.07,229.65,1.6461,82.3
B0036,144,24.0,1.996,3.4443,36.56,229.65,1.6408,82.04
B0036,145,24.0,1.996,3.4441,36.36,229.65,1.6344,81.72
B0036,146,24.0,1.996,3.4469,37.05,230.3,1.6374,81.87
B0036,147,24.0,1.996,3.4494,37.78,230.3,1.6474,82.37
B0036,148,24.0,1.996,3.4557,38.98,230.3,1.6546,82.73
B0036,149,24.0,1.996,3.4484,37.66,230.3,1.6409,82.04
B0036,150,24.0,1.996,3.4464,36.92,230.3,1.6265,81.32
B0036,151,24.0,1.996,3.4427,36.6,229.66,1.6217,81.08
B0036,152,24.0,1.996,3.44,36.62,229.66,1.6248,81.24
B0036,153,24.0,1.996,3.4416,36.59,229.66,1.6188,80.94
B0036,154,24.0,1.996,3.4429,36.59,229.66,1.6137,80.68
B0036,155,24.0,1.996,3.4395,36.48,229.66,1.612,80.6
B0036,156,24.0,1.996,3.46,38.24,231.67,1.6671,83.36
B0036,157,24.0,1.996,3.4667,37.93,228.92,1.685,84.25
B0036,158,24.0,1.996,3.4609,37.19,228.92,1.6787,83.94
B0036,159,24.0,1.996,3.4561,36.76,228.92,1.673,83.65
B0036,160,24.0,1.996,3.4556,36.55,228.92,1.6665,83.32
B0036,161,24.0,1.996,3.4574,37.38,228.92,1.6698,83.49
B0036,162,24.0,1.996,3.4608,38.18,229.11,1.6747,83.74
B0036,163,24.0,1.996,3.4552,37.07,229.11,1.6665,83.32
B0036,164,24.0,1.996,3.4524,36.32,229.11,1.6522,82.61
B0036,165,24.0,1.996,3.4501,36.11,229.11,1.6463,82.32
B0036,166,24.0,1.996,3.452,36.31,229.11,1.6424,82.12
B0036,167,24.0,1.996,3.4523,37.08,229.97,1.6512,82.56
B0036,168,24.0,1.996,3.4568,37.41,229.97,1.6482,82.41
B0036,169,24.0,1.996,3.4528,37.1,229.97,1.6479,82.4
B0036,170,24.0,1.996,3.4486,36.37,229.97,1.6358,81.79
B0036,171,24.0,1.996,3.4445,36.23,229.97,1.6332,81.66
B0036,172,24.0,1.996,3.4423,36.13,230.38,1.6299,81.49
B0036,173,24.0,1.996,3.4488,37.41,230.38,1.6388,81.94
B0036,174,24.0,1.996,3.4531,37.77,230.38,1.636,81.8
B0036,175,24.0,1.996,3.4484,37.15,230.38,1.6311,81.56
B0036,176,24.0,1.996,3.443,36.53,230.38,1.622,81.1
B0036,177,24.0,1.995,3.4502,37.82,231.52,1.6416,82.08
B0036,178,24.0,1.996,3.4454,36.4,231.97,1.6253,81.26
B0036,179,24.0,1.996,3.4429,36.31,231.97,1.6196,80.98
B0036,180,24.0,1.996,3.4431,36.18,231.97,1.6124,80.62
B0036,181,24.0,1.996,3.4422,36.1,231.97,1.6078,80.39
B0036,182,24.0,1.996,3.4413,36.4,231.97,1.6088,80.44
B0036,183,24.0,1.996,3.4379,36.35,231.38,1.6084,80.42
B0036,184,24.0,1.996,3.4375,36.3,231.38,1.6068,80.34
B0036,185,24.0,1.996,3.4372,36.27,231.38,1.6018,80.09
B0036,186,24.0,1.996,3.4379,36.17,231.38,1.5949,79.74
B0036,187,24.0,1.996,3.4364,36.2,231.38,1.5938,79.69
B0036,188,24.0,1.996,3.4372,36.13,233.08,1.592,79.6
B0036,189,24.0,1.996,3.4352,36.15,233.08,1.5847,79.24
B0036,190,24.0,1.996,3.4359,36.07,233.08,1.5763,78.82
B0036,191,24.0,1.996,3.4355,36.13,233.08,1.572,78.6
B0036,192,24.0,1.996,3.4332,36.27,233.08,1.573,78.65
B0036,193,24.0,1.996,3.4484,38.44,231.81,1.597,79.85
B0036,194,24.0,1.996,3.4441,38.52,231.81,1.5957,79.78
B0036,195,24.0,1.996,3.4396,37.49,231.81,1.5795,78.97
B0036,196,24.0,1.996,3.4369,36.79,231.81,1.5629,78.14
B0036,197,24.0,1.996,3.4349,36.63,231.81,1.5591,77.96
B0038,2,24.0,4.029,2.9785,51.14,300.58,1.1026,55.13
B0038,3,24.0,4.029,2.9788,51.35,300.58,1.0886,54.43
B0038,4,24.0,4.029,2.9879,49.54,300.58,1.0613,53.06
B0038,5,24.0,4.029,2.9827,49.94,300.58,1.0347,51.74
B0038,6,24.0,4.03,2.9769,50.47,300.58,1.027,51.35
B0038,7,24.0,4.029,2.9846,49.84,304.32,1.0785,53.92
B0038,8,24.0,4.03,2.9814,50.06,303.5,1.0639,53.2
B0038,9,24.0,4.03,2.9857,49.7,303.5,1.0367,51.84
B0038,10,24.0,4.03,2.9687,51.35,303.5,1.0309,51.54
B0038,11,24.0,4.029,2.9725,50.44,303.5,1.014,50.7
B0038,12,24.0,4.03,2.9616,51.33,303.5,1.0085,50.42
B0038,13,44.0,1.007,3.6088,49.53,307.34,1.7419,87.1
B0038,14,44.0,1.007,3.6273,49.29,300.03,1.7797,88.98
B0038,15,44.0,1.007,3.6285,49.18,300.03,1.7816,89.08
B0038,16,44.0,1.007,3.6277,49.18,300.03,1.7835,89.18
B0038,17,44.0,1.007,3.6295,49.06,300.03,1.7864,89.32
B0038,18,44.0,1.007,3.6292,49.13,300.03,1.786,89.3
B0038,19,44.0,1.007,3.6239,49.23,304.54,1.777,88.85
B0038,20,44.0,1.007,3.6267,49.16,302.83,1.7814,89.07
B0038,21,44.0,1.007,3.6285,49.04,302.83,1.7859,89.3
B0038,22,44.0,1.007,3.6291,48.98,302.83,1.7852,89.26
B0038,23,44.0,1.007,3.6288,48.98,302.83,1.7836,89.18
B0038,24,44.0,1.007,3.6263,49.04,302.83,1.7797,88.98
B0038,25,44.0,1.007,3.6284,48.96,303.12,1.7841,89.2
B0038,26,44.0,1.007,3.628,49.02,303.12,1.7833,89.16
B0038,27,44.0,1.007,3.6273,48.99,303.12,1.7796,88.98
B0038,28,44.0,1.007,3.6282,48.95,303.12,1.7817,89.08
B0038,29,44.0,1.007,3.626,49.02,303.12,1.7776,88.88
B0038,30,44.0,1.007,3.6262,49.01,302.95,1.7777,88.88
B0038,31,44.0,1.007,3.6252,49.09,302.95,1.779,88.95
B0038,32,44.0,1.007,3.627,49.0,302.95,1.7808,89.04
B0038,33,44.0,1.007,3.6258,49.05,302.95,1.7784,88.92
B0038,34,44.0,1.007,3.6263,49.08,302.95,1.779,88.95
B0038,35,44.0,1.007,3.625,49.13,303.44,1.7792,88.96
B0038,36,44.0,1.007,3.6248,49.14,303.44,1.7779,88.9
B0038,37,44.0,1.007,3.6256,49.04,303.44,1.7792,88.96
B0038,38,44.0,1.007,3.6246,49.09,303.44,1.7761,88.8
B0038,39,44.0,1.007,3.6262,49.06,303.44,1.7751,88.76
B0038,40,44.0,2.013,3.4336,54.42,302.45,1.7331,86.66
B0038,41,44.0,2.013,3.4318,54.62,305.13,1.7395,86.98
B0038,42,44.0,2.013,3.4316,54.62,305.13,1.7378,86.89
B0038,43,44.0,2.013,3.4318,54.57,305.13,1.73,86.5
B0038,44,44.0,2.013,3.4308,54.66,305.13,1.729,86.45
B0038,45,44.0,2.013,3.4339,54.52,305.13,1.7286,86.43
B0038,47,44.0,4.03,3.0058,69.87,325.33,1.5301,76.5
B0039,2,24.0,3.977,2.8764,42.96,266.5,0.473,23.65
B0039,4,24.0,3.977,2.8648,43.91,266.5,0.4788,23.94
B0039,5,24.0,3.977,2.8698,44.01,266.5,0.4711,23.56
B0039,6,24.0,3.977,2.8767,42.92,266.5,0.4668,23.34
B0039,7,24.0,3.977,2.8851,43.25,229.92,0.47,23.5
B0039,8,24.0,3.977,2.8788,43.87,232.56,0.4627,23.14
B0039,9,24.0,3.977,2.8775,43.67,232.56,0.4605,23.02
B0039,10,24.0,3.977,2.8623,43.79,232.56,0.4412,22.06
B0039,11,24.0,3.977,2.8831,43.93,232.56,0.4435,22.18
B0039,12,24.0,3.977,2.8687,43.36,232.56,0.4127,20.64
B0039,13,44.0,0.996,3.6444,48.1,222.32,1.7462,87.31
B0039,14,44.0,0.996,3.6578,48.36,222.42,1.7695,88.48
B0039,15,44.0,0.997,3.6602,48.21,222.42,1.7715,88.58
B0039,16,44.0,0.997,3.6596,48.18,222.42,1.7706,88.53
B0039,17,44.0,0.996,3.6597,48.22,222.42,1.7704,88.52
B0039,18,44.0,0.996,3.6594,48.31,222.42,1.7695,88.48
B0039,19,44.0,0.996,3.6559,48.32,219.33,1.7638,88.19
B0039,20,44.0,0.997,3.658,48.19,219.53,1.7716,88.58
B0039,21,44.0,0.996,3.6591,48.23,219.53,1.7701,88.5
B0039,22,44.0,0.997,3.6591,48.17,219.53,1.7668,88.34
B0039,23,44.0,0.997,3.6584,48.2,219.53,1.7649,88.24
B0039,24,44.0,0.996,3.6587,48.21,219.53,1.7638,88.19
B0039,25,44.0,0.997,3.6575,48.22,217.94,1.7657,88.28
B0039,26,44.0,0.996,3.6583,48.24,217.94,1.7646,88.23
B0039,27,44.0,0.996,3.6567,48.24,217.94,1.7609,88.04
B0039,28,44.0,0.996,3.6565,48.29,217.94,1.7598,87.99
B0039,29,44.0,0.997,3.6575,48.24,217.94,1.7591,87.96
B0039,30,44.0,0.996,3.6554,48.27,222.23,1.756,87.8
B0039,31,44.0,0.996,3.6563,48.26,222.23,1.7572,87.86
B0039,32,44.0,0.996,3.6559,48.27,222.23,1.7559,87.8
B0039,33,44.0,0.996,3.6539,48.38,222.23,1.7533,87.66
B0039,34,44.0,0.996,3.654,48.34,222.23,1.7507,87.54
B0039,35,44.0,0.996,3.6538,48.35,219.88,1.751,87.55
B0039,36,44.0,0.996,3.6541,48.36,219.88,1.7496,87.48
B0039,37,44.0,0.996,3.6528,48.39,219.88,1.7477,87.38
B0039,38,44.0,0.996,3.6511,48.41,219.88,1.7444,87.22
B0039,39,44.0,0.996,3.6528,48.48,219.88,1.7433,87.16
B0039,40,44.0,1.989,3.4804,52.9,219.51,1.6557,82.78
B0039,41,44.0,1.989,3.4828,53.05,217.83,1.643,82.15
B0039,42,44.0,1.989,3.4817,53.02,217.83,1.6344,81.72
B0039,43,44.0,1.989,3.4802,53.07,217.83,1.6265,81.32
B0039,44,44.0,1.99,3.4794,53.15,217.83,1.6189,80.94
B0039,45,44.0,1.99,3.478,53.02,217.83,1.6115,80.58
B0039,47,44.0,3.977,3.1338,64.14,224.72,1.3153,65.76
B0040,2,24.0,3.992,3.0331,41.12,269.52,0.7913,39.56
B0040,3,24.0,3.992,3.0234,41.63,269.52,0.7866,39.33
B0040,4,24.0,3.993,3.0298,41.72,269.52,0.7796,38.98
B0040,5,24.0,3.992,3.0364,41.62,269.52,0.7628,38.14
B0040,6,24.0,3.993,3.047,40.42,269.52,0.7405,37.03
B0040,7,24.0,3.992,3.0423,41.64,259.31,0.7784,38.92
B0040,8,24.0,3.992,3.0402,41.67,259.51,0.7733,38.66
B0040,9,24.0,3.993,3.0422,41.56,259.51,0.759,37.95
B0040,10,24.0,3.992,3.0357,41.25,259.51,0.7407,37.04
B0040,11,24.0,3.993,3.0466,40.05,259.51,0.7446,37.23
B0040,12,24.0,3.993,3.0433,40.76,259.51,0.715,35.75
B0040,13,44.0,0.999,3.6449,47.46,257.47,1.7075,85.38
B0040,14,44.0,0.999,3.6527,47.73,258.76,1.7309,86.54
B0040,15,44.0,0.999,3.6522,47.69,258.76,1.7328,86.64
B0040,16,44.0,0.999,3.653,47.67,258.76,1.7318,86.59
B0040,17,44.0,0.999,3.6514,47.7,258.76,1.7341,86.7
B0040,18,44.0,0.999,3.6521,47.7,258.76,1.7335,86.68
B0040,19,44.0,0.999,3.6492,47.78,256.51,1.7243,86.22
B0040,20,44.0,0.999,3.6521,47.68,255.67,1.7319,86.6
B0040,21,44.0,0.999,3.6517,47.67,255.67,1.7334,86.67
B0040,22,44.0,0.999,3.6515,47.64,255.67,1.7322,86.61
B0040,23,44.0,0.999,3.6504,47.64,255.67,1.7335,86.68
B0040,24,44.0,0.999,3.6503,47.68,255.67,1.7324,86.62
B0040,25,44.0,0.999,3.649,47.67,254.87,1.7338,86.69
B0040,26,44.0,0.999,3.6496,47.68,254.87,1.733,86.65
B0040,27,44.0,0.999,3.6491,47.66,254.87,1.7319,86.6
B0040,28,44.0,0.999,3.6495,47.66,254.87,1.7307,86.54
B0040,29,44.0,0.999,3.6496,47.66,254.87,1.7296,86.48
B0040,30,44.0,0.999,3.6481,47.69,255.38,1.7296,86.48
B0040,31,44.0,0.999,3.6498,47.68,255.38,1.7307,86.54
B0040,32,44.0,0.999,3.6483,47.7,255.38,1.7293,86.46
B0040,33,44.0,0.999,3.6477,47.68,255.38,1.7298,86.49
B0040,34,44.0,0.999,3.6484,47.73,255.38,1.7269,86.34
B0040,35,44.0,0.999,3.6472,47.73,254.91,1.7272,86.36
B0040,36,44.0,0.999,3.6468,47.73,254.91,1.7286,86.43
B0040,37,44.0,0.999,3.6466,47.74,254.91,1.7266,86.33
B0040,38,44.0,0.998,3.6464,47.74,254.91,1.7262,86.31
B0040,39,44.0,0.999,3.6465,47.78,254.91,1.7253,86.26
B0040,40,44.0,1.995,3.4669,51.74,255.95,1.6668,83.34
B0040,41,44.0,1.995,3.467,51.81,257.28,1.6668,83.34
B0040,42,44.0,1.996,3.4678,51.79,257.28,1.6583,82.92
B0040,43,44.0,1.995,3.4682,51.75,257.28,1.6503,82.52
B0040,44,44.0,1.996,3.4653,51.86,257.28,1.6493,82.46
B0040,45,44.0,1.995,3.4663,51.82,257.28,1.6419,82.1
B0041,43,4.0,1.006,3.2938,14.81,267.99,1.2156,60.78
B0041,44,4.0,1.006,3.318,14.0,247.58,1.1476,57.38
B0041,45,4.0,1.006,3.3148,14.36,247.58,1.1195,55.97
B0041,46,4.0,1.006,3.3064,14.52,247.58,1.0841,54.21
B0041,47,4.0,1.007,3.3088,12.63,247.58,1.0608,53.04
B0041,48,4.0,1.006,3.2902,14.25,247.58,1.017,50.85
B0041,49,4.0,1.006,3.2785,13.4,255.2,1.0,50.0
B0041,50,4.0,1.006,3.285,13.14,255.2,0.9915,49.58
B0041,51,4.0,1.006,3.2668,14.78,255.2,0.9656,48.28
B0041,52,4.0,1.006,3.2642,14.3,255.2,0.9383,46.92
B0041,53,4.0,1.006,3.2638,14.33,255.2,0.9299,46.5
B0041,54,4.0,1.006,3.2435,14.56,265.37,0.9072,45.36
B0041,55,4.0,1.006,3.262,13.83,265.37,0.9177,45.88
B0041,56,4.0,1.006,3.2602,13.74,265.37,0.9157,45.78
B0041,57,4.0,1.006,3.2605,12.81,265.37,0.9112,45.56
B0041,58,4.0,1.006,3.2424,14.67,265.37,0.8969,44.84
B0041,59,4.0,1.006,3.246,13.04,253.08,0.8862,44.31
B0041,60,4.0,1.006,3.2465,13.71,253.08,0.8931,44.66
B0041,61,4.0,1.006,3.239,14.58,253.08,0.8809,44.04
B0041,62,4.0,1.006,3.2505,13.07,253.08,0.8799,44.0
B0041,63,4.0,1.006,3.2335,14.84,253.08,0.8682,43.41
B0041,64,4.0,1.006,3.2247,14.14,251.32,0.8444,42.22
B0041,65,4.0,1.006,3.2404,13.63,251.32,0.8657,43.28
B0041,66,4.0,1.006,3.2349,14.0,251.32,0.8487,42.44
B0041,67,4.0,1.006,3.229,14.23,251.32,0.8365,41.82
B0042,1,22.0,2.012,3.4845,36.72,204.2,1.7287,86.44
B0042,2,22.0,2.012,3.5026,35.7,204.2,1.7315,86.58
B0042,3,22.0,2.012,3.5013,35.6,204.2,1.7282,86.41
B0042,4,22.0,2.012,3.504,35.76,204.2,1.7203,86.02
B0042,5,22.0,2.012,3.5092,36.01,204.2,1.7222,86.11
B0042,7,22.0,2.012,3.51,36.26,188.3,1.7087,85.44
B0042,8,22.0,2.012,3.5056,35.76,188.3,1.7036,85.18
B0042,9,22.0,2.012,3.5042,35.65,188.3,1.6958,84.79
B0042,10,22.0,2.012,3.505,35.46,188.3,1.6949,84.74
B0042,11,22.0,2.012,3.5002,35.58,189.99,1.6875,84.38
B0042,12,22.0,2.013,3.5051,35.39,189.99,1.686,84.3
B0042,13,22.0,2.013,3.5005,35.48,189.99,1.6783,83.92
B0042,14,22.0,2.012,3.5036,35.44,189.99,1.674,83.7
B0042,15,22.0,2.012,3.5012,35.54,189.99,1.6722,83.61
B0042,16,22.0,2.012,3.5003,35.63,188.93,1.676,83.8
B0042,17,22.0,2.012,3.4974,35.6,188.93,1.6618,83.09
B0042,18,22.0,2.013,3.501,35.44,188.93,1.6607,83.04
B0042,19,22.0,2.012,3.4971,35.62,188.93,1.6531,82.66
B0042,20,22.0,2.013,3.4977,35.61,188.93,1.65,82.5
B0042,21,22.0,2.012,3.4991,35.78,189.65,1.6813,84.06
B0042,22,22.0,2.012,3.5078,36.3,186.6,1.6701,83.5
B0042,23,22.0,2.013,3.5046,36.77,186.6,1.6672,83.36
B0042,24,22.0,2.013,3.5024,36.69,186.6,1.6569,82.84
B0042,25,22.0,2.013,3.5007,36.47,186.6,1.645,82.25
B0042,26,22.0,2.013,3.4992,36.54,186.6,1.6392,81.96
B0042,27,22.0,2.013,3.4957,36.91,186.75,1.6411,82.06
B0042,28,22.0,2.013,3.4993,37.2,186.75,1.6433,82.16
B0042,29,22.0,2.013,3.4963,37.31,186.75,1.6299,81.49
B0042,30,22.0,2.013,3.4964,36.92,186.75,1.6239,81.19
B0042,31,22.0,2.013,3.4884,37.05,186.75,1.6186,80.93
B0042,32,22.0,2.013,3.4868,37.12,186.35,1.6193,80.96
B0042,33,22.0,2.013,3.4905,37.21,186.35,1.6146,80.73
B0042,34,22.0,2.013,3.4867,37.37,186.35,1.6072,80.36
B0042,35,22.0,2.013,3.4847,36.95,186.35,1.6013,80.06
B0042,36,22.0,2.013,3.4824,36.82,186.35,1.594,79.7
B0042,37,22.0,2.013,3.4766,36.96,187.63,1.5947,79.74
B0042,38,22.0,2.013,3.4803,37.23,187.63,1.5882,79.41
B0042,39,22.0,2.013,3.4795,37.47,187.63,1.588,79.4
B0042,40,22.0,2.013,3.4784,37.65,187.63,1.5799,79.0
B0042,41,22.0,2.013,3.474,37.16,187.63,1.5656,78.28
B0042,88,4.0,1.007,3.3875,12.08,268.02,1.4377,71.89
B0042,89,4.0,1.007,3.4265,11.61,270.7,1.5246,76.23
B0042,90,4.0,1.007,3.4272,12.42,270.7,1.5215,76.08
B0042,91,4.0,1.007,3.4242,12.74,270.7,1.5155,75.78
B0042,92,4.0,1.007,3.4238,11.81,270.7,1.5044,75.22
B0042,93,4.0,1.007,3.4191,12.77,270.7,1.5002,75.01
B0042,94,4.0,1.007,3.4104,11.71,278.48,1.489,74.45
B0042,95,4.0,1.007,3.4118,11.59,278.48,1.481,74.05
B0042,96,4.0,1.007,3.4078,12.23,278.48,1.4763,73.82
B0042,97,4.0,1.007,3.4026,13.0,278.48,1.4663,73.32
B0042,98,4.0,1.007,3.4004,13.01,278.48,1.4593,72.96
B0042,99,4.0,1.007,3.3885,13.0,274.73,1.4457,72.28
B0042,100,4.0,1.007,3.3925,12.8,274.73,1.4401,72.0
B0042,101,4.0,1.007,3.3921,12.75,274.73,1.429,71.45
B0042,102,4.0,1.007,3.3887,12.45,274.73,1.4142,70.71
B0042,103,4.0,1.007,3.3854,12.17,274.73,1.4156,70.78
B0042,104,4.0,1.007,3.3741,12.73,273.16,1.3994,69.97
B0042,105,4.0,1.007,3.3831,12.13,273.16,1.396,69.8
B0042,106,4.0,1.007,3.379,12.11,273.16,1.393,69.65
B0042,107,4.0,1.007,3.3735,12.96,273.16,1.3741,68.7
B0042,108,4.0,1.007,3.374,12.43,273.16,1.3752,68.76
B0042,109,4.0,1.007,3.3602,13.22,288.49,1.3672,68.36
B0042,110,4.0,1.007,3.3665,13.05,288.49,1.3569,67.84
B0042,111,4.0,1.007,3.3622,13.07,288.49,1.3449,67.24
B0042,112,4.0,1.007,3.3567,13.28,288.49,1.3375,66.88
B0043,1,22.0,1.988,3.4955,36.84,182.24,1.7138,85.69
B0043,2,22.0,1.989,3.5058,36.25,182.24,1.6956,84.78
B0043,3,22.0,1.989,3.5036,36.13,182.24,1.6815,84.08
B0043,4,22.0,1.989,3.5054,36.35,182.24,1.6786,83.93
B0043,5,22.0,1.989,3.5098,36.75,182.24,1.6694,83.47
B0043,7,22.0,1.989,3.5135,36.83,165.08,1.6612,83.06
B0043,8,22.0,1.989,3.5105,36.55,165.08,1.6506,82.53
B0043,9,22.0,1.989,3.5101,36.22,165.08,1.6424,82.12
B0043,10,22.0,1.989,3.5074,36.17,165.08,1.6354,81.77
B0043,11,22.0,1.989,3.5057,36.2,164.27,1.6332,81.66
B0043,12,22.0,1.989,3.5068,36.22,164.27,1.6259,81.3
B0043,13,22.0,1.989,3.5055,36.09,164.27,1.618,80.9
B0043,14,22.0,1.989,3.5054,36.15,164.27,1.6137,80.68
B0043,15,22.0,1.989,3.5053,36.16,164.27,1.6058,80.29
B0043,16,22.0,1.989,3.5017,36.17,168.46,1.6034,80.17
B0043,17,22.0,1.989,3.5043,36.13,168.46,1.5951,79.76
B0043,18,22.0,1.989,3.5053,36.13,168.46,1.5878,79.39
B0043,19,22.0,1.989,3.5023,36.12,168.46,1.5801,79.01
B0043,20,22.0,1.989,3.5014,36.26,168.46,1.5756,78.78
B0043,21,22.0,1.988,3.4995,36.73,162.65,1.595,79.75
B0043,22,22.0,1.988,3.5066,37.35,156.96,1.5898,79.49
B0043,23,22.0,1.989,3.5089,37.41,156.96,1.5808,79.04
B0043,24,22.0,1.989,3.5075,37.26,156.96,1.5704,78.52
B0043,25,22.0,1.989,3.502,37.27,156.96,1.5643,78.22
B0043,26,22.0,1.989,3.4991,37.38,156.96,1.5583,77.92
B0043,27,22.0,1.989,3.5032,37.58,165.14,1.5537,77.68
B0043,28,22.0,1.989,3.505,37.81,165.14,1.5495,77.48
B0043,29,22.0,1.989,3.5035,37.7,165.14,1.5424,77.12
B0043,30,22.0,1.989,3.5014,37.67,165.14,1.5426,77.13
B0043,31,22.0,1.989,3.4942,37.58,165.14,1.5309,76.54
B0043,32,22.0,1.989,3.4912,37.57,164.98,1.5248,76.24
B0043,33,22.0,1.989,3.4947,37.84,164.98,1.5197,75.98
B0043,34,22.0,1.989,3.4915,37.76,164.98,1.5124,75.62
B0043,35,22.0,1.989,3.4871,37.43,164.98,1.4999,75.0
B0043,36,22.0,1.989,3.4835,37.32,164.98,1.4924,74.62
B0043,37,22.0,1.989,3.4781,37.59,165.21,1.4926,74.63
B0043,38,22.0,1.989,3.4809,38.07,165.21,1.4924,74.62
B0043,39,22.0,1.989,3.4851,38.03,165.21,1.4853,74.26
B0043,40,22.0,1.989,3.4827,37.89,165.21,1.4772,73.86
B0043,41,22.0,1.989,3.4739,37.72,165.21,1.4695,73.47
B0043,88,4.0,0.995,3.4664,11.06,278.33,1.5251,76.26
B0043,89,4.0,0.996,3.4866,10.46,275.91,1.5526,77.63
B0043,90,4.0,0.996,3.4852,11.12,275.91,1.5428,77.14
B0043,91,4.0,0.996,3.4797,11.47,275.91,1.5332,76.66
B0043,92,4.0,0.996,3.4777,10.67,275.91,1.5153,75.76
B0043,93,4.0,0.996,3.4711,11.55,275.91,1.5075,75.38
B0043,94,4.0,0.996,3.4656,10.68,269.58,1.4896,74.48
B0043,95,4.0,0.996,3.4628,10.68,269.58,1.4781,73.9
B0043,96,4.0,0.996,3.458,11.25,269.58,1.47,73.5
B0043,97,4.0,0.996,3.4507,11.64,269.58,1.4566,72.83
B0043,98,4.0,0.996,3.4495,11.8,269.58,1.446,72.3
B0043,99,4.0,0.996,3.4377,11.72,272.14,1.4326,71.63
B0043,100,4.0,0.996,3.4415,11.4,272.14,1.4197,70.98
B0043,101,4.0,0.996,3.4392,11.27,272.14,1.4013,70.06
B0043,102,4.0,0.995,3.4346,10.94,272.14,1.3863,69.32
B0043,103,4.0,0.996,3.4331,11.47,272.14,1.3841,69.21
B0043,104,4.0,0.996,3.4252,11.08,296.26,1.3652,68.26
B0043,105,4.0,0.996,3.4275,11.26,296.26,1.3615,68.08
B0043,106,4.0,0.996,3.4214,11.58,296.26,1.351,67.55
B0043,107,4.0,0.995,3.4201,11.16,296.26,1.3283,66.42
B0043,108,4.0,0.995,3.4133,11.99,296.26,1.3257,66.29
B0043,109,4.0,0.996,3.4074,11.74,295.62,1.3143,65.72
B0043,110,4.0,0.996,3.412,11.3,295.62,1.3003,65.02
B0043,111,4.0,0.995,3.4072,11.38,295.62,1.2881,64.4
B0043,112,4.0,0.995,3.4035,11.49,295.62,1.2768,63.84
B0044,1,22.0,1.994,3.4488,37.78,224.84,1.6865,84.32
B0044,2,22.0,1.994,3.4617,37.38,224.84,1.6625,83.12
B0044,3,22.0,1.994,3.4608,37.16,224.84,1.6534,82.67
B0044,4,22.0,1.994,3.4631,37.12,224.84,1.6452,82.26
B0044,5,22.0,1.994,3.4703,37.71,224.84,1.6357,81.78
B0044,7,22.0,1.994,3.4733,37.65,199.16,1.6268,81.34
B0044,8,22.0,1.993,3.4722,37.14,199.16,1.616,80.8
B0044,9,22.0,1.994,3.4691,37.12,199.16,1.6076,80.38
B0044,10,22.0,1.994,3.4676,36.83,199.16,1.6003,80.02
B0044,11,22.0,1.994,3.4656,37.07,198.42,1.5979,79.9
B0044,12,22.0,1.994,3.4657,37.27,198.42,1.59,79.5
B0044,13,22.0,1.994,3.4643,36.93,198.42,1.5816,79.08
B0044,14,22.0,1.993,3.4653,36.83,198.42,1.5715,78.57
B0044,15,22.0,1.993,3.4638,36.86,198.42,1.5632,78.16
B0044,16,22.0,1.993,3.462,36.85,201.61,1.5607,78.04
B0044,17,22.0,1.994,3.4613,37.01,201.61,1.5524,77.62
B0044,18,22.0,1.993,3.4609,36.86,201.61,1.5445,77.22
B0044,19,22.0,1.993,3.4603,36.93,201.61,1.5366,76.83
B0044,20,22.0,1.993,3.4586,36.97,201.61,1.5307,76.54
B0044,21,22.0,1.993,3.4612,37.88,201.37,1.5452,77.26
B0044,22,22.0,1.993,3.4689,38.43,196.99,1.5397,76.98
B0044,23,22.0,1.993,3.4696,38.63,196.99,1.5305,76.53
B0044,24,22.0,1.994,3.4669,38.54,196.99,1.52,76.0
B0044,25,22.0,1.994,3.4609,38.5,196.99,1.5137,75.68
B0044,26,22.0,1.993,3.4616,38.43,196.99,1.5013,75.06
B0044,27,22.0,1.993,3.4623,38.7,198.35,1.5024,75.12
B0044,28,22.0,1.993,3.463,39.13,198.35,1.4981,74.9
B0044,29,22.0,1.994,3.4609,39.06,198.35,1.4907,74.54
B0044,30,22.0,1.994,3.4561,38.9,198.35,1.4844,74.22
B0044,31,22.0,1.993,3.4546,38.64,198.35,1.4725,73.62
B0044,32,22.0,1.993,3.452,38.15,198.23,1.4663,73.32
B0044,33,22.0,1.993,3.4531,38.41,198.23,1.4671,73.36
B0044,34,22.0,1.993,3.4504,38.34,198.23,1.4594,72.97
B0044,35,22.0,1.994,3.4473,37.98,198.23,1.4468,72.34
B0044,36,22.0,1.994,3.4432,37.8,198.23,1.4391,71.96
B0044,37,22.0,1.994,3.44,37.94,203.42,1.439,71.95
B0044,38,22.0,1.994,3.4422,38.33,203.42,1.4386,71.93
B0044,39,22.0,1.994,3.445,38.56,203.42,1.4313,71.56
B0044,40,22.0,1.994,3.4433,38.62,203.42,1.423,71.15
B0044,41,22.0,1.994,3.4371,38.19,203.42,1.415,70.75
B0044,88,4.0,0.997,3.4406,10.17,317.67,1.478,73.9
B0044,89,4.0,0.997,3.4601,10.3,289.01,1.4941,74.7
B0044,90,4.0,0.997,3.4577,10.4,289.01,1.488,74.4
B0044,91,4.0,0.997,3.455,10.68,289.01,1.4748,73.74
B0044,92,4.0,0.997,3.4545,10.56,289.01,1.4604,73.02
B0044,93,4.0,0.997,3.447,10.77,289.01,1.4524,72.62
B0044,94,4.0,0.997,3.4388,10.91,287.26,1.4411,72.06
B0044,95,4.0,0.997,3.4384,10.82,287.26,1.43,71.5
B0044,96,4.0,0.997,3.4347,11.01,287.26,1.4139,70.69
B0044,97,4.0,0.997,3.432,10.61,287.26,1.3973,69.86
B0044,98,4.0,0.997,3.4294,10.79,287.26,1.3865,69.32
B0044,99,4.0,0.997,3.4196,10.65,292.67,1.3725,68.62
B0044,100,4.0,0.997,3.4262,10.15,292.67,1.3599,68.0
B0044,101,4.0,0.997,3.4246,10.27,292.67,1.3487,67.44
B0044,102,4.0,0.996,3.4221,10.51,292.67,1.3334,66.67
B0044,103,4.0,0.997,3.4121,11.25,292.67,1.3388,66.94
B0044,104,4.0,0.997,3.4118,10.48,303.9,1.3153,65.76
B0044,105,4.0,0.997,3.4084,11.28,303.9,1.323,66.15
B0044,106,4.0,0.997,3.4062,11.18,303.9,1.3087,65.44
B0044,107,4.0,0.997,3.4088,10.57,303.9,1.2897,64.48
B0044,108,4.0,0.997,3.4014,11.29,303.9,1.2906,64.53
B0044,109,4.0,0.997,3.3974,10.53,315.18,1.2752,63.76
B0044,110,4.0,0.997,3.4015,10.5,315.18,1.2686,63.43
B0044,111,4.0,0.997,3.3989,10.22,315.18,1.2566,62.83
B0044,112,4.0,0.996,3.3947,10.31,315.18,1.2486,62.43
B0045,2,4.0,1.006,3.2268,16.33,279.5,0.928,46.4
B0045,3,4.0,1.006,3.2276,16.19,279.5,0.8852,44.26
B0045,4,4.0,1.006,3.2183,16.45,279.5,0.8581,42.9
B0045,5,4.0,1.006,3.219,16.65,279.5,0.8409,42.04
B0045,6,4.0,1.006,3.2121,16.63,279.5,0.8245,41.22
B0045,7,4.0,1.006,3.1809,16.23,276.34,0.7936,39.68
B0045,8,4.0,1.006,3.2085,16.19,290.65,0.8184,40.92
B0045,9,4.0,1.006,3.2104,16.53,290.65,0.7978,39.89
B0045,10,4.0,1.006,3.2164,15.2,290.65,0.7994,39.97
B0045,11,4.0,1.006,3.2146,16.35,290.65,0.7783,38.92
B0045,12,4.0,1.006,3.2109,15.57,290.65,0.7804,39.02
B0045,13,4.0,1.006,3.1652,16.48,293.02,0.7713,38.56
B0045,14,4.0,1.006,3.2008,16.69,270.3,0.7953,39.76
B0045,15,4.0,1.006,3.2076,16.53,270.3,0.7824,39.12
B0045,16,4.0,1.006,3.2086,16.33,270.3,0.7649,38.25
B0045,17,4.0,1.006,3.2083,16.19,270.3,0.7545,37.72
B0045,18,4.0,1.006,3.2046,16.55,270.3,0.7504,37.52
B0045,19,4.0,1.006,3.1937,15.89,293.12,0.7407,37.04
B0045,21,4.0,1.006,3.1863,16.27,293.12,0.7309,36.54
B0045,22,4.0,1.006,3.193,16.58,293.12,0.7287,36.44
B0045,23,4.0,1.006,3.1915,16.45,293.12,0.7161,35.8
B0045,24,4.0,1.006,3.1827,16.66,301.2,0.7129,35.64
B0045,25,4.0,1.006,3.1955,16.19,301.2,0.7142,35.71
B0045,26,4.0,1.006,3.2048,14.74,301.2,0.7191,35.96
B0045,27,4.0,1.006,3.2006,14.69,301.2,0.7174,35.87
B0045,28,4.0,1.006,3.1895,15.87,301.2,0.7071,35.35
B0045,29,4.0,1.006,3.1875,14.83,296.24,0.7035,35.17
B0045,30,4.0,1.006,3.188,15.91,296.24,0.6941,34.71
B0045,31,4.0,1.006,3.1842,16.35,296.24,0.6914,34.57
B0045,32,4.0,1.006,3.1906,15.08,296.24,0.6972,34.86
B0045,33,4.0,1.006,3.1818,16.05,296.24,0.6832,34.16
B0045,34,4.0,1.006,3.1314,16.25,292.8,0.6822,34.11
B0045,35,4.0,1.006,3.1861,15.76,293.07,0.729,36.45
B0045,36,4.0,1.005,3.1786,16.35,293.07,0.7139,35.7
B0045,37,4.0,1.006,3.185,16.22,293.07,0.6958,34.79
B0045,38,4.0,1.006,3.1909,14.78,293.07,0.7018,35.09
B0045,39,4.0,1.006,3.1748,16.36,293.07,0.6912,34.56
B0045,40,4.0,1.006,3.1782,15.3,295.06,0.6843,34.22
B0045,41,4.0,1.006,3.1737,16.3,295.06,0.6741,33.7
B0045,42,4.0,1.006,3.1775,15.09,295.06,0.667,33.35
B0045,43,4.0,1.006,3.1807,15.2,295.06,0.6804,34.02
B0045,44,4.0,1.006,3.1762,15.82,295.06,0.6618,33.09
B0045,45,4.0,1.006,3.1575,15.58,290.18,0.6623,33.12
B0045,46,4.0,1.006,3.1748,14.53,290.18,0.6679,33.4
B0045,47,4.0,1.006,3.1631,16.26,290.18,0.6489,32.44
B0045,48,4.0,1.006,3.1646,15.92,290.18,0.6504,32.52
B0045,49,4.0,1.005,3.1727,15.32,290.18,0.6572,32.86
B0045,50,4.0,1.006,3.1484,16.44,321.12,0.6364,31.82
B0045,51,4.0,1.006,3.166,14.75,321.12,0.6536,32.68
B0045,52,4.0,1.006,3.1484,16.57,321.12,0.6391,31.96
B0045,53,4.0,1.006,3.1678,14.53,321.12,0.6482,32.41
B0045,54,4.0,1.006,3.1571,15.83,321.12,0.6288,31.44
B0045,55,4.0,1.006,3.1055,15.05,315.21,0.6381,31.9
B0045,56,4.0,1.006,3.1427,16.88,313.65,0.6555,32.78
B0045,57,4.0,1.006,3.1481,16.75,313.65,0.6485,32.42
B0045,58,4.0,1.006,3.1517,16.63,313.65,0.6454,32.27
B0045,59,4.0,1.006,3.1608,15.27,313.65,0.6427,32.14
B0045,60,4.0,1.005,3.1482,16.44,313.65,0.6352,31.76
B0045,61,4.0,1.005,3.1115,15.66,309.07,0.6157,30.78
B0045,62,4.0,1.005,3.1311,15.27,325.76,0.6171,30.86
B0045,63,4.0,1.005,3.1594,15.46,325.76,0.6434,32.17
B0045,64,4.0,1.005,3.141,16.47,325.76,0.6278,31.39
B0045,65,4.0,1.005,3.1518,15.32,325.76,0.629,31.45
B0045,67,4.0,1.005,3.0999,15.47,324.08,0.6266,31.33
B0045,68,4.0,1.005,3.1367,15.91,306.91,0.6496,32.48
B0045,69,4.0,1.006,3.1432,16.13,306.91,0.6337,31.68
B0045,70,4.0,1.006,3.1481,15.8,306.91,0.6299,31.5
B0045,71,4.0,1.005,3.1421,15.46,306.91,0.6183,30.92
B0045,72,4.0,1.005,3.1359,16.27,306.91,0.6069,30.34
B0046,2,4.0,1.007,3.4218,12.94,259.84,1.5161,75.81
B0046,3,4.0,1.007,3.4223,13.36,259.84,1.5031,75.16
B0046,4,4.0,1.007,3.42,12.68,259.84,1.4859,74.3
B0046,5,4.0,1.007,3.4175,13.07,259.84,1.4695,73.47
B0046,6,4.0,1.007,3.4145,12.8,259.84,1.459,72.95
B0046,7,4.0,1.007,3.3878,13.59,266.08,1.4557,72.78
B0046,8,4.0,1.007,3.4015,13.94,263.89,1.4562,72.81
B0046,9,4.0,1.007,3.4052,13.13,263.89,1.4441,72.2
B0046,10,4.0,1.007,3.4015,14.09,263.89,1.4283,71.41
B0046,11,4.0,1.007,3.3993,13.31,263.89,1.42,71.0
B0046,12,4.0,1.007,3.3928,14.17,263.89,1.4043,70.22
B0046,13,4.0,1.007,3.3685,13.96,268.56,1.4234,71.17
B0046,14,4.0,1.007,3.3924,13.52,269.65,1.434,71.7
B0046,15,4.0,1.007,3.395,13.75,269.65,1.4185,70.93
B0046,16,4.0,1.006,3.3936,13.4,269.65,1.4056,70.28
B0046,17,4.0,1.007,3.3883,13.65,269.65,1.389,69.45
B0046,18,4.0,1.007,3.3834,13.96,269.65,1.3723,68.62
B0046,19,4.0,1.007,3.3714,14.35,264.53,1.3616,68.08
B0046,21,4.0,1.007,3.373,13.72,264.53,1.41,70.5
B0046,22,4.0,1.007,3.3695,14.21,264.53,1.3396,66.98
B0046,23,4.0,1.007,3.3686,13.72,264.53,1.3292,66.46
B0046,24,4.0,1.007,3.3575,14.31,273.75,1.3182,65.91
B0046,25,4.0,1.007,3.3631,13.73,273.75,1.3124,65.62
B0046,26,4.0,1.006,3.3574,14.55,273.75,1.2993,64.96
B0046,27,4.0,1.007,3.3561,14.44,273.75,1.2877,64.39
B0046,28,4.0,1.007,3.3534,14.36,273.75,1.2865,64.32
B0046,29,4.0,1.007,3.3431,14.69,276.94,1.272,63.6
B0046,30,4.0,1.007,3.349,14.06,276.94,1.2714,63.57
B0046,31,4.0,1.007,3.3458,13.78,276.94,1.2615,63.08
B0046,32,4.0,1.007,3.3441,14.38,276.94,1.2421,62.1
B0046,33,4.0,1.007,3.3397,14.59,276.94,1.2403,62.02
B0046,34,4.0,1.007,3.3161,13.89,289.6,1.2851,64.26
B0046,35,4.0,1.007,3.3447,14.67,271.25,1.3043,65.22
B0046,36,4.0,1.007,3.3527,13.9,271.25,1.2779,63.9
B0046,37,4.0,1.006,3.3487,13.91,271.25,1.2723,63.62
B0046,38,4.0,1.007,3.3421,14.62,271.25,1.2478,62.39
B0046,39,4.0,1.007,3.3435,14.29,271.25,1.2352,61.76
B0046,40,4.0,1.007,3.3279,14.88,289.67,1.2293,61.46
B0046,41,4.0,1.007,3.3386,13.88,289.67,1.2239,61.2
B0046,42,4.0,1.006,3.3316,14.63,289.67,1.2054,60.27
B0046,43,4.0,1.007,3.3278,14.77,289.67,1.1958,59.79
B0046,44,4.0,1.007,3.3254,15.04,289.67,1.1901,59.5
B0046,45,4.0,1.007,3.3166,14.29,293.76,1.1792,58.96
B0046,46,4.0,1.006,3.3219,14.0,293.76,1.1695,58.48
B0046,47,4.0,1.006,3.3205,14.94,293.76,1.1677,58.38
B0046,48,4.0,1.006,3.3167,14.99,293.76,1.1579,57.9
B0046,49,4.0,1.007,3.3203,14.81,293.76,1.15,57.5
B0046,50,4.0,1.007,3.306,14.25,287.84,1.1503,57.52
B0046,51,4.0,1.007,3.3114,14.33,287.84,1.1349,56.74
B0046,52,4.0,1.007,3.3087,14.28,287.84,1.1381,56.9
B0046,53,4.0,1.007,3.3101,13.78,287.84,1.1237,56.18
B0046,55,4.0,1.007,3.2913,14.96,294.04,1.2141,60.7
B0046,56,4.0,1.007,3.3154,14.62,277.56,1.2119,60.6
B0046,57,4.0,1.007,3.3267,14.18,277.56,1.1971,59.86
B0046,58,4.0,1.006,3.3245,13.99,277.56,1.1823,59.11
B0046,59,4.0,1.006,3.3208,15.04,277.56,1.1645,58.22
B0046,60,4.0,1.007,3.3184,15.03,277.56,1.1536,57.68
B0046,61,4.0,1.006,3.2849,14.58,291.64,1.1602,58.01
B0046,62,4.0,1.006,3.3069,15.37,288.23,1.1712,58.56
B0046,63,4.0,1.007,3.3146,15.29,288.23,1.1563,57.82
B0046,64,4.0,1.006,3.3162,14.7,288.23,1.1411,57.06
B0046,65,4.0,1.006,3.3111,15.07,288.23,1.1352,56.76
B0046,67,4.0,1.006,3.2998,14.88,300.26,1.2531,62.66
B0046,68,4.0,1.006,3.3183,14.45,273.51,1.205,60.25
B0046,69,4.0,1.007,3.3281,14.17,273.51,1.1912,59.56
B0046,70,4.0,1.007,3.3195,14.8,273.51,1.1746,58.73
B0046,71,4.0,1.006,3.3208,14.87,273.51,1.1555,57.78
B0046,72,4.0,1.006,3.3199,14.05,273.51,1.1538,57.69
B0047,2,4.0,0.995,3.4762,11.31,217.93,1.5244,76.22
B0047,3,4.0,0.996,3.4702,11.62,217.93,1.5081,75.4
B0047,4,4.0,0.996,3.4682,11.09,217.93,1.4836,74.18
B0047,5,4.0,0.995,3.4639,11.02,217.93,1.4671,73.36
B0047,6,4.0,0.995,3.4608,11.06,217.93,1.4489,72.45
B0047,7,4.0,0.995,3.4425,11.88,230.61,1.4459,72.3
B0047,8,4.0,0.995,3.4507,11.56,225.06,1.4311,71.56
B0047,9,4.0,0.995,3.4519,11.35,225.06,1.4193,70.96
B0047,10,4.0,0.995,3.4472,11.69,225.06,1.4,70.0
B0047,11,4.0,0.995,3.4439,11.56,225.06,1.3885,69.42
B0047,12,4.0,0.995,3.4365,11.67,225.06,1.3652,68.26
B0047,13,4.0,0.995,3.4323,11.31,231.24,1.406,70.3
B0047,14,4.0,0.995,3.4445,11.18,242.74,1.4058,70.29
B0047,15,4.0,0.995,3.4446,11.15,242.74,1.3868,69.34
B0047,16,4.0,0.995,3.4358,11.81,242.74,1.3705,68.53
B0047,17,4.0,0.995,3.434,11.7,242.74,1.3497,67.48
B0047,18,4.0,0.995,3.4281,11.23,242.74,1.3252,66.26
B0047,19,4.0,0.995,3.4183,11.73,244.78,1.3112,65.56
B0047,21,4.0,0.995,3.4139,12.19,244.78,1.3394,66.97
B0047,22,4.0,0.995,3.4173,11.15,244.78,1.2849,64.24
B0047,23,4.0,0.995,3.413,11.68,244.78,1.2817,64.09
B0047,24,4.0,0.995,3.4065,11.3,261.73,1.26,63.0
B0047,25,4.0,0.995,3.4055,11.88,261.73,1.2661,63.3
B0047,26,4.0,0.995,3.4035,11.79,261.73,1.2414,62.07
B0047,27,4.0,0.995,3.3988,11.73,261.73,1.2299,61.5
B0047,28,4.0,0.995,3.3946,12.46,261.73,1.2281,61.4
B0047,29,4.0,0.995,3.3894,11.86,274.65,1.214,60.7
B0047,30,4.0,0.995,3.3876,12.46,274.65,1.2173,60.86
B0047,31,4.0,0.995,3.3868,12.21,274.65,1.2073,60.36
B0047,32,4.0,0.995,3.3876,11.53,274.65,1.188,59.4
B0047,33,4.0,0.995,3.3784,12.43,274.65,1.1863,59.32
B0047,34,4.0,0.995,3.3861,12.43,269.06,1.2614,63.07
B0047,35,4.0,0.995,3.4006,12.49,267.14,1.2648,63.24
B0047,36,4.0,0.995,3.4028,11.34,267.14,1.2466,62.33
B0047,37,4.0,0.995,3.3953,12.64,267.14,1.2334,61.67
B0047,38,4.0,0.995,3.3914,11.97,267.14,1.2129,60.64
B0047,39,4.0,0.995,3.3931,11.44,267.14,1.1999,60.0
B0047,40,4.0,0.995,3.3798,12.14,286.27,1.1903,59.51
B0047,41,4.0,0.995,3.379,12.67,286.27,1.1893,59.46
B0047,42,4.0,0.995,3.3762,11.98,286.27,1.1671,58.36
B0047,43,4.0,0.995,3.3766,12.1,286.27,1.1615,58.08
B0047,44,4.0,0.995,3.3711,12.4,286.27,1.1556,57.78
B0047,45,4.0,0.995,3.3677,11.46,282.39,1.1489,57.44
B0047,46,4.0,0.995,3.3727,11.39,282.39,1.1436,57.18
B0047,47,4.0,0.995,3.3653,12.64,282.39,1.1418,57.09
B0047,48,4.0,0.995,3.363,12.45,282.39,1.1361,56.81
B0047,49,4.0,0.995,3.3676,12.18,282.39,1.1236,56.18
B0047,50,4.0,0.995,3.353,12.85,290.99,1.132,56.6
B0047,51,4.0,0.995,3.3636,11.44,290.99,1.117,55.85
B0047,52,4.0,0.995,3.3535,12.9,290.99,1.12,56.0
B0047,53,4.0,0.995,3.3618,11.57,290.99,1.106,55.3
B0047,55,4.0,0.995,3.3683,11.98,289.98,1.1908,59.54
B0047,56,4.0,0.995,3.3798,12.84,265.97,1.2012,60.06
B0047,57,4.0,0.995,3.382,12.66,265.97,1.1907,59.54
B0047,58,4.0,0.995,3.3835,12.21,265.97,1.1764,58.82
B0047,59,4.0,0.995,3.3818,12.78,265.97,1.1628,58.14
B0047,60,4.0,0.994,3.38,12.66,265.97,1.1516,57.58
B0047,61,4.0,0.994,3.362,13.25,285.63,1.1584,57.92
B0047,62,4.0,0.994,3.3756,13.1,289.06,1.1692,58.46
B0047,63,4.0,0.994,3.3775,13.02,289.06,1.1588,57.94
B0047,64,4.0,0.994,3.3731,12.61,289.06,1.144,57.2
B0047,65,4.0,0.995,3.3712,12.97,289.06,1.1384,56.92
B0047,67,4.0,0.994,3.3812,13.12,289.54,1.2213,61.07
B0047,68,4.0,0.994,3.3886,13.18,287.99,1.2031,60.16
B0047,69,4.0,0.995,3.3903,12.74,287.99,1.1897,59.48
B0047,70,4.0,0.995,3.3842,13.23,287.99,1.1774,58.87
B0047,71,4.0,0.994,3.3815,12.86,287.99,1.1584,57.92
B0047,72,4.0,0.994,3.3792,12.68,287.99,1.1567,57.84
B0048,2,4.0,0.997,3.4613,10.83,286.71,1.5077,75.39
B0048,3,4.0,0.997,3.4567,11.05,286.71,1.4989,74.94
B0048,4,4.0,0.997,3.4585,10.58,286.71,1.4783,73.91
B0048,5,4.0,0.997,3.458,10.23,286.71,1.4619,73.1
B0048,6,4.0,0.997,3.4543,10.45,286.71,1.451,72.55
B0048,7,4.0,0.997,3.4368,11.09,272.88,1.4517,72.58
B0048,8,4.0,0.996,3.4466,10.33,284.73,1.4444,72.22
B0048,9,4.0,0.997,3.4468,10.7,284.73,1.4327,71.64
B0048,10,4.0,0.997,3.4432,10.59,284.73,1.4172,70.86
B0048,11,4.0,0.997,3.4411,10.71,284.73,1.4058,70.29
B0048,12,4.0,0.997,3.4379,10.53,284.73,1.3903,69.52
B0048,13,4.0,0.997,3.43,10.68,270.53,1.4197,70.98
B0048,14,4.0,0.997,3.4416,10.48,271.12,1.4191,70.96
B0048,15,4.0,0.997,3.4422,10.38,271.12,1.4043,70.22
B0048,16,4.0,0.997,3.4358,10.85,271.12,1.3916,69.58
B0048,17,4.0,0.997,3.4332,10.7,271.12,1.375,68.75
B0048,18,4.0,0.997,3.4319,10.27,271.12,1.3545,67.73
B0048,19,4.0,0.997,3.4225,10.42,293.32,1.344,67.2
B0048,21,4.0,0.997,3.4179,11.03,293.32,1.3724,68.62
B0048,22,4.0,0.997,3.4233,10.2,293.32,1.3184,65.92
B0048,23,4.0,0.997,3.4197,10.68,293.32,1.3113,65.56
B0048,24,4.0,0.997,3.4138,10.2,292.44,1.297,64.85
B0048,25,4.0,0.997,3.413,10.82,292.44,1.2995,64.98
B0048,26,4.0,0.997,3.4109,10.52,292.44,1.2826,64.13
B0048,27,4.0,0.997,3.4057,10.55,292.44,1.2753,63.77
B0048,28,4.0,0.997,3.4012,11.26,292.44,1.2736,63.68
B0048,29,4.0,0.997,3.3979,10.67,292.58,1.2594,62.97
B0048,30,4.0,0.997,3.3983,11.29,292.58,1.2632,63.16
B0048,31,4.0,0.997,3.4006,10.97,292.58,1.2492,62.46
B0048,32,4.0,0.997,3.4013,10.34,292.58,1.234,61.7
B0048,33,4.0,0.997,3.3916,11.23,292.58,1.24,62.0
B0048,34,4.0,0.997,3.397,11.14,284.76,1.3037,65.18
B0048,35,4.0,0.997,3.4085,11.27,289.06,1.3151,65.76
B0048,36,4.0,0.997,3.4139,10.43,289.06,1.2889,64.44
B0048,37,4.0,0.997,3.405,11.22,289.06,1.2877,64.39
B0048,38,4.0,0.997,3.4031,10.78,289.06,1.2673,63.36
B0048,39,4.0,0.997,3.4068,10.32,289.06,1.2506,62.53
B0048,40,4.0,0.997,3.3944,10.97,294.1,1.2487,62.43
B0048,41,4.0,0.997,3.3947,11.12,294.1,1.248,62.4
B0048,42,4.0,0.997,3.3925,10.81,294.1,1.2301,61.5
B0048,43,4.0,0.997,3.3905,10.9,294.1,1.2244,61.22
B0048,44,4.0,0.997,3.388,11.18,294.1,1.2187,60.93
B0048,45,4.0,0.997,3.3882,10.38,298.82,1.2038,60.19
B0048,46,4.0,0.997,3.3923,10.31,298.82,1.1948,59.74
B0048,47,4.0,0.997,3.3843,11.37,298.82,1.2052,60.26
B0048,48,4.0,0.997,3.3832,11.07,298.82,1.1956,59.78
B0048,49,4.0,0.997,3.3849,10.98,298.82,1.1888,59.44
B0048,50,4.0,0.997,3.3754,11.25,317.13,1.1916,59.58
B0048,51,4.0,0.997,3.3864,10.26,317.13,1.1727,58.64
B0048,52,4.0,0.997,3.3758,11.21,317.13,1.1841,59.2
B0048,53,4.0,0.997,3.3853,10.39,317.13,1.1577,57.88
B0048,55,4.0,0.997,3.3874,10.72,313.03,1.2594,62.97
B0048,56,4.0,0.997,3.3945,11.27,310.64,1.2659,63.3
B0048,57,4.0,0.997,3.4024,10.98,310.64,1.2473,62.36
B0048,58,4.0,0.997,3.4014,10.7,310.64,1.2328,61.64
B0048,59,4.0,0.997,3.3975,11.2,310.64,1.232,61.6
B0048,60,4.0,0.997,3.3963,11.07,310.64,1.2208,61.04
B0048,61,4.0,0.996,3.384,11.22,315.99,1.2275,61.38
B0048,62,4.0,0.996,3.3918,11.59,311.93,1.2387,61.93
B0048,63,4.0,0.997,3.3945,11.53,311.93,1.2284,61.42
B0048,64,4.0,0.997,3.3959,10.93,311.93,1.2095,60.48
B0048,65,4.0,0.997,3.3911,11.35,311.93,1.2082,60.41
B0048,67,4.0,0.996,3.3999,11.44,314.78,1.2999,65.0
B0048,68,4.0,0.996,3.4065,11.15,299.43,1.2691,63.46
B0048,69,4.0,0.997,3.4097,10.83,299.43,1.2555,62.78
B0048,70,4.0,0.997,3.4026,11.24,299.43,1.252,62.6
B0048,71,4.0,0.997,3.401,11.09,299.43,1.2375,61.88
B0048,72,4.0,0.997,3.4024,10.75,299.43,1.2231,61.16
B0049,2,4.0,2.012,3.1811,20.82,201.28,1.4209,71.04
B0049,3,4.0,2.012,3.1682,22.13,201.28,1.3729,68.64
B0049,4,4.0,2.013,3.2878,17.46,201.28,1.3644,68.22
B0049,6,4.0,2.013,3.0966,20.53,206.43,1.0605,53.02
B0049,7,4.0,2.013,3.1224,19.61,206.43,1.007,50.35
B0049,8,4.0,2.013,3.0873,21.58,206.43,0.9299,46.5
B0049,9,4.0,2.013,3.0841,21.33,206.43,0.9232,46.16
B0049,10,4.0,2.013,3.1248,18.65,206.43,0.9053,45.26
B0049,11,4.0,2.013,3.0531,21.21,164.7,0.8596,42.98
B0049,12,4.0,2.013,3.0512,21.33,164.7,0.837,41.85
B0049,13,4.0,2.013,3.0816,18.62,164.7,0.8457,42.28
B0049,14,4.0,2.013,3.0143,22.13,164.7,0.8071,40.36
B0049,15,4.0,2.013,3.0328,21.08,164.7,0.7821,39.11
B0049,16,4.0,2.013,3.0424,19.66,163.24,0.7953,39.76
B0049,18,4.0,2.013,2.9717,22.35,163.24,0.7752,38.76
B0049,19,4.0,2.013,3.0433,19.41,163.24,0.7712,38.56
B0049,20,4.0,2.013,3.0344,19.07,163.24,0.7585,37.92
B0049,21,4.0,2.013,2.96,22.61,139.95,0.7349,36.74
B0049,22,4.0,2.013,3.0294,19.0,139.95,0.7367,36.84
B0049,23,4.0,2.013,2.9622,22.1,139.95,0.7094,35.47
B0049,24,4.0,2.013,3.0065,19.7,139.95,0.7186,35.93
B0049,25,4.0,2.013,2.9479,22.29,139.95,0.6914,34.57
B0051,2,4.0,1.987,3.2503,17.98,228.94,1.2932,64.66
B0051,3,4.0,1.988,3.3011,16.98,228.94,1.2289,61.45
B0051,4,4.0,1.988,3.2928,18.15,228.94,1.2039,60.2
B0051,6,4.0,1.987,3.2084,19.43,264.41,1.0093,50.46
B0051,7,4.0,1.988,3.2329,18.95,264.41,0.9566,47.83
B0051,8,4.0,1.988,3.26,17.47,264.41,0.902,45.1
B0051,9,4.0,1.988,3.2286,19.15,264.41,0.8898,44.49
B0051,10,4.0,1.988,3.2487,16.52,264.41,0.8831,44.16
B0051,11,4.0,1.987,3.2568,17.11,265.49,0.8431,42.16
B0051,12,4.0,1.988,3.2526,17.64,265.49,0.8266,41.33
B0051,13,4.0,1.988,3.2175,18.52,265.49,0.8353,41.76
B0051,14,4.0,1.987,3.2316,18.4,265.49,0.8026,40.13
B0051,15,4.0,1.988,3.2507,17.28,265.49,0.7839,39.2
B0051,16,4.0,1.988,3.2365,16.6,242.86,0.7911,39.56
B0051,18,4.0,1.987,3.228,17.68,242.86,0.7655,38.28
B0051,19,4.0,1.988,3.2177,16.95,242.86,0.7732,38.66
B0051,20,4.0,1.987,3.2124,17.55,242.86,0.7605,38.02
B0051,21,4.0,1.988,3.2044,18.87,241.67,0.7376,36.88
B0051,22,4.0,1.987,3.2132,16.85,241.67,0.7392,36.96
B0051,23,4.0,1.991,3.2074,18.12,241.67,0.7015,35.08
B0051,24,4.0,1.991,3.2073,16.26,241.67,0.7047,35.24
B0051,25,4.0,1.991,3.2046,18.15,241.67,0.6778,33.89
B0053,2,4.0,2.013,3.1011,18.3,267.59,1.1541,57.7
B0053,3,4.0,2.013,3.1009,19.34,267.59,1.1502,57.51
B0053,4,4.0,2.013,3.1054,18.73,267.59,1.1306,56.53
B0053,5,4.0,2.013,3.0996,18.71,267.59,1.1218,56.09
B0053,6,4.0,2.013,3.0969,18.64,267.59,1.1136,55.68
B0053,7,4.0,2.013,3.0735,21.29,268.3,1.0865,54.32
B0053,8,4.0,2.013,3.0704,21.01,268.3,1.0647,53.24
B0053,9,4.0,2.013,3.0726,20.94,268.3,1.0809,54.04
B0053,10,4.0,2.013,3.0849,19.28,268.3,1.0853,54.26
B0053,11,4.0,2.013,3.0676,21.1,268.3,1.0505,52.52
B0053,12,4.0,2.013,3.089,18.64,264.33,1.0854,54.27
B0053,13,4.0,2.013,3.0655,21.31,264.33,1.0508,52.54
B0053,14,4.0,2.013,3.0661,20.93,264.33,1.0609,53.04
B0053,15,4.0,2.013,3.0802,19.93,264.33,1.0706,53.53
B0053,16,4.0,2.013,3.0597,21.02,264.33,1.024,51.2
B0053,17,4.0,2.013,3.0768,19.09,266.31,1.0671,53.36
B0053,18,4.0,2.012,3.0607,21.31,266.31,1.0279,51.4
B0053,19,4.0,2.013,3.0538,21.07,266.31,1.0325,51.62
B0053,20,4.0,2.013,3.0811,19.04,266.31,1.0559,52.8
B0053,21,4.0,2.012,3.0642,21.23,266.31,1.0445,52.22
B0053,22,4.0,2.012,3.0531,20.95,266.55,1.0353,51.77
B0053,23,4.0,2.012,3.0711,20.12,268.13,1.0763,53.82
B0053,24,4.0,2.012,3.06,20.91,268.13,1.0352,51.76
B0053,25,4.0,2.012,3.0664,21.2,268.13,1.0514,52.57
B0053,26,4.0,2.012,3.0705,20.02,268.13,1.0603,53.02
B0053,27,4.0,2.013,3.0543,21.3,268.13,1.0237,51.18
B0053,28,4.0,2.012,3.0673,19.86,268.0,1.0466,52.33
B0053,29,4.0,2.013,3.0511,21.37,268.0,1.0031,50.16
B0053,30,4.0,2.013,3.0591,20.12,268.0,1.0462,52.31
B0053,31,4.0,2.013,3.0573,21.38,268.0,1.0156,50.78
B0053,32,4.0,2.012,3.0477,20.76,268.0,1.025,51.25
B0053,33,4.0,2.012,3.0399,21.5,272.94,0.9801,49.0
B0053,34,4.0,2.013,3.0655,19.65,272.94,1.0368,51.84
B0053,35,4.0,2.013,3.0646,18.86,272.94,1.0268,51.34
B0053,36,4.0,2.013,3.0617,19.67,272.94,1.015,50.75
B0053,37,4.0,2.013,3.0466,21.14,272.94,0.9905,49.53
B0053,38,4.0,2.012,3.0537,19.29,265.99,1.0146,50.73
B0053,39,4.0,2.013,3.0425,21.33,265.99,0.9811,49.06
B0053,40,4.0,2.013,3.0384,20.84,265.99,1.0042,50.21
B0053,41,4.0,2.013,3.0585,18.56,265.99,1.0078,50.39
B0053,42,4.0,2.013,3.0391,21.59,265.99,0.9825,49.12
B0053,43,4.0,2.012,3.0615,20.68,267.15,1.1097,55.48
B0053,44,4.0,2.012,3.0834,18.99,270.02,1.1137,55.68
B0053,45,4.0,2.013,3.0593,21.62,270.02,1.0385,51.92
B0053,46,4.0,2.013,3.0818,18.97,270.02,1.0769,53.84
B0053,47,4.0,2.012,3.0631,20.98,270.02,1.0722,53.61
B0053,48,4.0,2.013,3.0558,21.79,270.02,1.0125,50.62
B0053,49,4.0,2.012,3.0519,21.26,272.59,1.028,51.4
B0053,50,4.0,2.013,3.0576,22.11,272.59,1.0304,51.52
B0053,51,4.0,2.012,3.0653,20.51,272.59,1.0556,52.78
B0053,52,4.0,2.013,3.0534,21.84,272.59,1.0011,50.06
B0053,53,4.0,2.013,3.0754,19.2,272.59,1.0467,52.34
B0053,54,4.0,2.012,3.0678,19.95,267.84,1.0472,52.36
B0053,55,4.0,2.012,3.0514,22.11,267.84,1.0103,50.52
B0054,2,4.0,2.012,3.1507,19.13,306.42,1.1665,58.32
B0054,3,4.0,2.012,3.1917,19.25,306.42,1.1053,55.26
B0054,4,4.0,2.012,3.0063,25.27,306.42,1.096,54.8
B0054,5,4.0,2.012,3.2339,17.91,306.42,1.0754,53.77
B0054,6,4.0,2.012,3.0108,25.4,306.42,1.0655,53.27
B0054,7,4.0,2.012,3.2062,19.96,302.58,1.0568,52.84
B0054,8,4.0,2.012,3.0855,22.35,302.58,1.0449,52.24
B0054,9,4.0,2.012,3.2222,18.35,302.58,1.0458,52.29
B0054,10,4.0,2.012,3.2146,19.78,302.58,1.0182,50.91
B0054,11,4.0,2.012,3.0922,22.52,302.58,1.0226,51.13
B0054,12,4.0,2.012,3.2478,17.55,286.41,1.0389,51.94
B0054,13,4.0,2.012,3.0736,22.73,286.41,1.0173,50.86
B0054,14,4.0,2.012,3.2528,17.24,286.41,1.0332,51.66
B0054,15,4.0,2.012,3.251,17.67,286.41,1.0095,50.48
B0054,16,4.0,2.012,3.0399,24.83,286.41,0.9862,49.31
B0054,17,4.0,2.012,3.0569,23.81,283.24,1.008,50.4
B0054,18,4.0,2.012,3.073,23.29,283.24,1.0153,50.77
B0054,19,4.0,2.012,3.0882,22.86,283.24,1.0107,50.54
B0054,20,4.0,2.012,3.2449,17.07,283.24,1.0104,50.52
B0054,21,4.0,2.012,3.0436,25.03,283.24,0.9801,49.0
B0054,22,4.0,2.011,3.0733,23.83,278.64,1.1017,55.08
B0054,23,4.0,2.012,3.2294,18.15,273.51,1.0827,54.14
B0054,24,4.0,2.012,3.0666,24.24,273.51,1.0575,52.88
B0054,25,4.0,2.012,3.0891,22.94,273.51,1.0386,51.93
B0054,26,4.0,2.012,3.0618,24.77,273.51,1.0073,50.36
B0054,27,4.0,2.012,3.2565,17.39,273.51,1.016,50.8
B0054,28,4.0,2.012,3.2266,18.31,271.83,1.0158,50.79
B0054,29,4.0,2.012,3.1783,19.85,271.83,1.0015,50.08
B0054,30,4.0,2.012,3.058,23.7,271.83,0.9812,49.06
B0054,31,4.0,2.012,3.2241,17.64,271.83,0.9987,49.94
B0054,32,4.0,2.012,3.0421,24.86,271.83,0.9584,47.92
B0054,33,4.0,2.011,3.0705,22.63,268.39,0.9801,49.0
B0054,34,4.0,2.012,3.2383,18.24,268.39,0.972,48.6
B0054,35,4.0,2.012,3.0665,23.46,268.39,0.9693,48.46
B0054,36,4.0,2.012,3.0431,24.87,268.39,0.948,47.4
B0054,37,4.0,2.012,3.0763,22.58,268.39,0.9639,48.2
B0054,38,4.0,2.012,3.2138,18.16,270.13,0.9682,48.41
B0054,39,4.0,2.012,3.0383,24.75,270.13,0.9407,47.04
B0054,40,4.0,2.012,3.1369,20.86,270.13,0.9618,48.09
B0054,41,4.0,2.012,3.2231,18.59,270.13,0.9332,46.66
B0054,42,4.0,2.012,3.033,24.6,270.13,0.9313,46.56
B0054,43,4.0,2.011,3.0452,24.13,270.27,0.9976,49.88
B0054,44,4.0,2.012,3.0592,23.61,271.36,0.9833,49.16
B0054,45,4.0,2.012,3.2196,18.36,271.36,0.9904,49.52
B0054,46,4.0,2.012,3.0459,24.73,271.36,0.95,47.5
B0054,47,4.0,2.012,3.051,24.17,271.36,0.9526,47.63
B0054,48,4.0,2.011,3.0244,23.99,271.36,0.885,44.25
B0054,49,4.0,2.011,3.0654,23.5,267.75,0.9937,49.68
B0054,50,4.0,2.012,3.0768,22.41,267.75,0.9955,49.78
B0054,51,4.0,2.012,3.0653,23.28,267.75,0.9754,48.77
B0054,52,4.0,2.012,3.0626,23.17,267.75,0.966,48.3
B0054,53,4.0,2.011,3.0573,23.92,267.75,0.9574,47.87
B0054,54,4.0,2.011,3.038,24.77,267.66,0.9295,46.48
B0054,55,4.0,2.012,3.0415,24.68,267.66,0.9324,46.62
B0054,56,4.0,2.012,3.185,19.02,267.66,0.9546,47.73
B0054,57,4.0,2.012,3.0417,24.14,267.66,0.933,46.65
B0054,58,4.0,2.012,3.0333,24.82,267.66,0.9233,46.16
B0054,59,4.0,2.011,3.0473,23.24,266.81,0.9258,46.29
B0054,60,4.0,2.012,3.0329,24.86,266.81,0.9163,45.82
B0054,61,4.0,2.012,3.176,19.19,266.81,0.9387,46.94
B0054,62,4.0,2.012,3.0364,24.61,266.81,0.9159,45.8
B0054,63,4.0,2.012,3.2062,18.81,266.81,0.9203,46.02
B0054,64,4.0,2.011,3.0343,23.95,268.1,0.9111,45.56
B0054,65,4.0,2.012,3.028,24.82,268.1,0.8981,44.9
B0054,66,4.0,2.012,3.1926,18.58,268.1,0.9279,46.4
B0054,67,4.0,2.012,3.0429,22.52,268.1,0.9118,45.59
B0054,68,4.0,2.011,3.031,24.89,268.1,0.8936,44.68
B0054,69,4.0,2.011,3.0123,24.5,269.18,0.9101,45.5
B0054,70,4.0,2.011,3.0378,24.79,268.57,0.9115,45.58
B0054,71,4.0,2.011,3.1809,19.42,268.57,0.9337,46.68
B0054,72,4.0,2.011,3.0336,24.84,268.57,0.8982,44.91
B0054,73,4.0,2.011,3.0609,22.82,268.57,0.9139,45.7
B0054,74,4.0,2.011,3.0251,24.58,268.57,0.8765,43.82
B0054,75,4.0,2.011,3.0266,24.65,263.22,0.8855,44.28
B0054,76,4.0,2.012,3.0225,24.67,263.22,0.8819,44.1
B0054,77,4.0,2.011,3.0847,21.67,263.22,0.9046,45.23
B0054,78,4.0,2.012,3.024,24.96,263.22,0.8735,43.68
B0054,79,4.0,2.012,3.1376,19.86,263.22,0.9031,45.16
B0054,80,4.0,2.011,3.0079,24.81,269.67,0.8712,43.56
B0054,81,4.0,2.012,3.0536,22.34,269.67,0.8936,44.68
B0054,82,4.0,2.012,3.0312,23.39,269.67,0.8835,44.18
B0054,83,4.0,2.012,3.026,24.44,269.67,0.8779,43.9
B0054,84,4.0,2.012,3.0166,24.62,269.67,0.8599,43.0
B0054,85,4.0,2.011,3.0185,24.27,267.13,0.8697,43.48
B0054,86,4.0,2.012,3.0137,24.8,267.13,0.8638,43.19
B0054,87,4.0,2.012,3.1311,19.88,267.13,0.8866,44.33
B0054,88,4.0,2.012,3.0278,23.52,267.13,0.869,43.45
B0054,89,4.0,2.011,3.0143,24.91,267.13,0.8474,42.37
B0054,90,4.0,2.011,3.0106,23.8,267.29,0.88,44.0
B0054,91,4.0,2.011,3.0336,23.08,266.0,0.911,45.55
B0054,92,4.0,2.011,3.0228,23.78,266.0,0.9122,45.61
B0054,93,4.0,2.011,3.0336,23.06,266.0,0.8872,44.36
B0054,94,4.0,2.011,3.054,22.24,266.0,0.8961,44.8
B0054,95,4.0,2.011,3.0123,23.8,266.0,0.8851,44.26
B0054,96,4.0,2.011,3.115,20.13,273.3,0.8793,43.96
B0054,97,4.0,2.012,3.0104,24.1,273.3,0.8461,42.3
B0054,98,4.0,2.011,3.0473,21.12,273.3,0.8706,43.53
B0054,99,4.0,2.011,3.0031,24.04,273.3,0.8441,42.2
B0054,100,4.0,2.012,3.0258,22.33,273.3,0.8536,42.68
B0054,101,4.0,2.011,3.024,21.73,275.78,0.8525,42.62
B0054,102,4.0,2.011,3.0029,24.07,275.78,0.8374,41.87
B0055,2,4.0,1.988,3.2344,16.63,297.96,1.3199,66.0
B0055,3,4.0,1.988,3.2621,18.02,297.96,1.277,63.85
B0055,4,4.0,1.989,3.2816,16.28,297.96,1.2573,62.86
B0055,5,4.0,1.988,3.2905,17.39,297.96,1.2068,60.34
B0055,6,4.0,1.989,3.2959,16.29,297.96,1.2077,60.38
B0055,7,4.0,1.988,3.2895,18.77,280.06,1.201,60.05
B0055,8,4.0,1.988,3.2994,17.74,280.06,1.1891,59.46
B0055,9,4.0,1.989,3.3168,16.27,280.06,1.1697,58.48
B0055,10,4.0,1.988,3.3024,18.5,280.06,1.1484,57.42
B0055,11,4.0,1.988,3.3061,17.23,280.06,1.1528,57.64
B0055,12,4.0,1.988,3.3191,17.25,277.52,1.1318,56.59
B0055,13,4.0,1.988,3.3042,18.85,277.52,1.1327,56.64
B0055,14,4.0,1.988,3.3279,16.7,277.52,1.1161,55.81
B0055,15,4.0,1.988,3.3223,17.28,277.52,1.0985,54.92
B0055,16,4.0,1.988,3.3151,17.87,277.52,1.0926,54.63
B0055,17,4.0,1.988,3.3017,18.57,268.86,1.1092,55.46
B0055,18,4.0,1.988,3.3067,18.73,268.86,1.1075,55.38
B0055,19,4.0,1.988,3.3082,18.86,268.86,1.1068,55.34
B0055,20,4.0,1.988,3.3251,16.47,268.86,1.0727,53.64
B0055,21,4.0,1.988,3.3066,18.43,268.86,1.0777,53.89
B0055,22,4.0,1.988,3.3185,16.79,260.87,1.1982,59.91
B0055,23,4.0,1.988,3.3354,16.56,268.9,1.1625,58.13
B0055,24,4.0,1.988,3.3265,16.18,268.9,1.1557,57.78
B0055,25,4.0,1.988,3.3065,18.29,268.9,1.1374,56.87
B0055,26,4.0,1.988,3.3091,18.66,268.9,1.1126,55.63
B0055,27,4.0,1.988,3.3374,16.83,268.9,1.0987,54.94
B0055,28,4.0,1.988,3.336,16.76,266.84,1.0985,54.92
B0055,29,4.0,1.988,3.3314,16.25,266.84,1.1029,55.14
B0055,30,4.0,1.988,3.3018,19.13,266.84,1.095,54.75
B0055,31,4.0,1.988,3.3347,16.37,266.84,1.0891,54.46
B0055,32,4.0,1.988,3.3116,18.16,266.84,1.0733,53.66
B0055,33,4.0,1.988,3.2948,18.81,256.59,1.0954,54.77
B0055,34,4.0,1.988,3.3262,17.56,256.59,1.064,53.2
B0055,35,4.0,1.989,3.3085,17.47,256.59,1.0858,54.29
B0055,36,4.0,1.989,3.3079,18.49,256.59,1.0589,52.94
B0055,37,4.0,1.988,3.3029,17.91,256.59,1.0813,54.06
B0055,38,4.0,1.988,3.3322,16.72,259.51,1.0616,53.08
B0055,39,4.0,1.988,3.3007,18.74,259.51,1.0594,52.97
B0055,40,4.0,1.988,3.3248,16.08,259.51,1.0743,53.72
B0055,41,4.0,1.988,3.3135,18.11,259.51,1.0406,52.03
B0055,42,4.0,1.988,3.2905,19.23,259.51,1.0576,52.88
B0055,43,4.0,1.987,3.3129,17.8,257.06,1.0984,54.92
B0055,44,4.0,1.988,3.2793,19.9,257.44,1.1098,55.49
B0055,45,4.0,1.988,3.3409,16.28,257.44,1.0793,53.96
B0055,46,4.0,1.988,3.2977,18.86,257.44,1.0716,53.58
B0055,47,4.0,1.988,3.2935,19.27,257.44,1.0746,53.73
B0055,48,4.0,1.988,3.2522,19.92,257.44,1.0864,54.32
B0055,49,4.0,1.988,3.2841,19.74,250.17,1.134,56.7
B0055,50,4.0,1.988,3.3006,18.24,250.17,1.1177,55.88
B0055,51,4.0,1.988,3.2988,19.14,250.17,1.1046,55.23
B0055,52,4.0,1.988,3.299,18.96,250.17,1.0897,54.48
B0055,53,4.0,1.988,3.3026,18.57,250.17,1.0755,53.77
B0055,54,4.0,1.988,3.2962,18.39,255.11,1.061,53.05
B0055,55,4.0,1.988,3.3106,17.86,255.11,1.0518,52.59
B0055,56,4.0,1.988,3.3346,15.82,255.11,1.0554,52.77
B0055,57,4.0,1.988,3.2945,18.76,255.11,1.0533,52.66
B0055,58,4.0,1.988,3.315,17.25,255.11,1.0315,51.58
B0055,59,4.0,1.988,3.2815,19.04,254.52,1.0533,52.66
B0055,60,4.0,1.988,3.3083,17.63,254.52,1.0318,51.59
B0055,61,4.0,1.988,3.3279,15.65,254.52,1.0354,51.77
B0055,62,4.0,1.988,3.2832,18.85,254.52,1.0322,51.61
B0055,63,4.0,1.988,3.3204,16.68,254.52,1.0115,50.58
B0055,64,4.0,1.988,3.2757,19.33,251.81,1.0414,52.07
B0055,65,4.0,1.988,3.3044,17.8,251.81,1.0217,51.08
B0055,66,4.0,1.988,3.3319,15.64,251.81,1.0133,50.67
B0055,67,4.0,1.988,3.278,18.48,251.81,1.03,51.5
B0055,68,4.0,1.988,3.284,18.6,251.81,1.0189,50.94
B0055,69,4.0,1.987,3.2935,17.7,253.03,1.0291,51.46
B0055,70,4.0,1.988,3.2642,19.65,248.11,1.0568,52.84
B0055,71,4.0,1.988,3.3275,16.18,248.11,1.0292,51.46
B0055,72,4.0,1.988,3.2799,18.89,248.11,1.0321,51.6
B0055,73,4.0,1.988,3.3086,16.02,248.11,1.0409,52.04
B0055,74,4.0,1.988,3.2842,18.29,248.11,1.0112,50.56
B0055,75,4.0,1.988,3.2708,19.26,254.93,1.0338,51.69
B0055,76,4.0,1.988,3.3045,17.24,254.93,1.004,50.2
B0055,77,4.0,1.988,3.3125,15.9,254.93,1.0334,51.67
B0055,78,4.0,1.988,3.2774,18.95,254.93,1.0099,50.5
B0055,79,4.0,1.988,3.3247,14.96,254.93,1.0126,50.63
B0055,80,4.0,1.988,3.2926,17.7,248.23,0.9949,49.74
B0055,81,4.0,1.988,3.2933,16.75,248.23,1.0241,51.2
B0055,82,4.0,1.988,3.2619,19.2,248.23,1.0209,51.04
B0055,83,4.0,1.988,3.274,18.92,248.23,1.0161,50.8
B0055,84,4.0,1.988,3.2917,17.84,248.23,0.9988,49.94
B0055,85,4.0,1.988,3.2635,19.41,252.87,1.0159,50.8
B0055,86,4.0,1.988,3.2954,17.56,252.87,0.9963,49.82
B0055,87,4.0,1.988,3.3216,15.18,252.87,1.0054,50.27
B0055,88,4.0,1.988,3.2595,19.12,252.87,1.0091,50.46
B0055,89,4.0,1.988,3.2793,18.26,252.87,0.9985,49.92
B0055,90,4.0,1.987,3.2156,20.33,248.62,1.0892,54.46
B0055,91,4.0,1.988,3.2564,18.82,255.08,1.0794,53.97
B0055,92,4.0,1.988,3.3167,16.22,255.08,1.0326,51.63
B0055,93,4.0,1.988,3.2667,18.62,255.08,1.0499,52.5
B0055,94,4.0,1.988,3.3139,15.14,255.08,1.0454,52.27
B0055,95,4.0,1.988,3.3157,16.11,255.08,1.0002,50.01
B0055,96,4.0,1.988,3.3278,14.51,248.67,1.0084,50.42
B0055,97,4.0,1.988,3.2555,18.8,248.67,1.0037,50.18
B0055,98,4.0,1.988,3.3027,15.52,248.67,1.0285,51.42
B0055,99,4.0,1.988,3.2825,17.41,248.67,0.9817,49.08
B0055,100,4.0,1.988,3.2724,17.54,248.67,1.0127,50.64
B0055,101,4.0,1.988,3.2829,16.68,251.71,1.0201,51.0
B0055,102,4.0,1.988,3.2708,18.13,251.71,0.9908,49.54
B0056,2,4.0,1.993,3.2124,14.09,325.78,1.3444,67.22
B0056,3,4.0,1.994,3.2397,14.91,325.78,1.3175,65.88
B0056,4,4.0,1.994,3.257,14.05,325.78,1.2974,64.87
B0056,5,4.0,1.994,3.2642,14.46,325.78,1.264,63.2
B0056,6,4.0,1.994,3.2722,13.79,325.78,1.2589,62.94
B0056,7,4.0,1.993,3.2635,14.88,297.38,1.2806,64.03
B0056,8,4.0,1.994,3.2739,14.28,297.38,1.2573,62.86
B0056,9,4.0,1.994,3.2883,13.25,297.38,1.2226,61.13
B0056,10,4.0,1.994,3.2769,14.78,297.38,1.2293,61.46
B0056,11,4.0,1.994,3.2842,13.97,297.38,1.2276,61.38
B0056,12,4.0,1.993,3.2874,14.1,297.53,1.2134,60.67
B0056,13,4.0,1.993,3.2804,15.01,297.53,1.2302,61.51
B0056,14,4.0,1.993,3.296,13.81,297.53,1.1928,59.64
B0056,15,4.0,1.993,3.2927,14.17,297.53,1.1867,59.34
B0056,16,4.0,1.994,3.2857,14.5,297.53,1.1915,59.58
B0056,17,4.0,1.993,3.2816,14.96,289.41,1.2142,60.71
B0056,18,4.0,1.994,3.286,15.0,289.41,1.2094,60.47
B0056,19,4.0,1.994,3.2878,14.34,289.41,1.2071,60.36
B0056,20,4.0,1.994,3.3012,13.44,289.41,1.163,58.15
B0056,21,4.0,1.994,3.2879,14.64,289.41,1.1789,58.94
B0056,22,4.0,1.993,3.2926,13.58,295.78,1.2945,64.72
B0056,23,4.0,1.993,3.305,13.57,290.66,1.2603,63.02
B0056,24,4.0,1.994,3.3074,13.22,290.66,1.2409,62.04
B0056,25,4.0,1.994,3.2937,14.12,290.66,1.2522,62.61
B0056,26,4.0,1.994,3.2903,14.73,290.66,1.2279,61.4
B0056,27,4.0,1.994,3.3055,13.78,290.66,1.1917,59.58
B0056,28,4.0,1.993,3.3074,13.53,288.32,1.1859,59.29
B0056,29,4.0,1.994,3.3087,13.0,288.32,1.1841,59.2
B0056,30,4.0,1.994,3.2918,14.91,288.32,1.206,60.3
B0056,31,4.0,1.994,3.3096,13.21,288.32,1.1654,58.27
B0056,32,4.0,1.994,3.293,14.51,288.32,1.179,58.95
B0056,33,4.0,1.993,3.2922,14.3,287.86,1.2013,60.07
B0056,34,4.0,1.994,3.2996,14.15,287.86,1.1656,58.28
B0056,35,4.0,1.994,3.2998,13.86,287.86,1.1803,59.01
B0056,36,4.0,1.994,3.2933,14.49,287.86,1.1658,58.29
B0056,37,4.0,1.994,3.2985,14.07,287.86,1.1764,58.82
B0056,38,4.0,1.993,3.3076,13.41,282.04,1.1458,57.29
B0056,39,4.0,1.994,3.2919,14.61,282.04,1.1676,58.38
B0056,40,4.0,1.994,3.3112,13.21,282.04,1.1456,57.28
B0056,41,4.0,1.993,3.2969,14.34,282.04,1.1444,57.22
B0056,42,4.0,1.993,3.2937,14.87,282.04,1.1605,58.03
B0056,43,4.0,1.993,3.2943,14.26,284.05,1.2272,61.36
B0056,44,4.0,1.993,3.2907,15.15,287.63,1.2455,62.28
B0056,45,4.0,1.993,3.3152,13.37,287.63,1.1722,58.61
B0056,46,4.0,1.994,3.2948,14.76,287.63,1.1954,59.77
B0056,47,4.0,1.994,3.2957,14.93,287.63,1.192,59.6
B0056,48,4.0,1.993,3.2595,15.39,287.63,1.2296,61.48
B0056,49,4.0,1.993,3.2905,15.06,283.73,1.2775,63.88
B0056,50,4.0,1.994,3.3006,14.19,283.73,1.2434,62.17
B0056,51,4.0,1.994,3.2971,14.67,283.73,1.2308,61.54
B0056,52,4.0,1.994,3.2968,14.76,283.73,1.2162,60.81
B0056,53,4.0,1.994,3.2938,15.07,283.73,1.2088,60.44
B0056,54,4.0,1.993,3.2902,14.77,278.68,1.1946,59.73
B0056,55,4.0,1.994,3.2959,14.62,278.68,1.1734,58.67
B0056,56,4.0,1.994,3.3172,12.97,278.68,1.1405,57.03
B0056,57,4.0,1.994,3.2929,14.96,278.68,1.1822,59.11
B0056,58,4.0,1.994,3.2993,14.29,278.68,1.1481,57.4
B0056,59,4.0,1.993,3.2918,14.73,279.12,1.1825,59.13
B0056,60,4.0,1.994,3.2945,14.53,279.12,1.1552,57.76
B0056,61,4.0,1.994,3.3158,12.92,279.12,1.1217,56.08
B0056,62,4.0,1.994,3.2925,14.98,279.12,1.1627,58.14
B0056,63,4.0,1.994,3.3016,14.01,279.12,1.1247,56.24
B0056,64,4.0,1.994,3.288,15.07,277.47,1.1664,58.32
B0056,65,4.0,1.993,3.2967,14.44,277.47,1.1347,56.74
B0056,66,4.0,1.993,3.3135,13.19,277.47,1.1012,55.06
B0056,67,4.0,1.993,3.2918,14.48,277.47,1.1561,57.8
B0056,68,4.0,1.993,3.2931,14.72,277.47,1.1386,56.93
B0056,69,4.0,1.993,3.285,14.53,275.51,1.1757,58.78
B0056,70,4.0,1.993,3.2877,15.24,282.45,1.1969,59.85
B0056,71,4.0,1.993,3.3118,13.51,282.45,1.1267,56.34
B0056,72,4.0,1.993,3.2938,14.86,282.45,1.1601,58.0
B0056,73,4.0,1.993,3.3077,13.38,282.45,1.1361,56.81
B0056,74,4.0,1.993,3.2908,14.81,282.45,1.1397,56.98
B0056,75,4.0,1.993,3.2892,15.14,279.97,1.156,57.8
B0056,76,4.0,1.993,3.2949,14.4,279.97,1.1268,56.34
B0056,77,4.0,1.993,3.3087,13.07,279.97,1.1167,55.84
B0056,78,4.0,1.994,3.2911,14.63,279.97,1.1331,56.66
B0056,79,4.0,1.993,3.3142,12.59,279.97,1.0894,54.47
B0056,80,4.0,1.993,3.2914,14.41,273.73,1.1121,55.6
B0056,81,4.0,1.993,3.2994,13.64,273.73,1.128,56.4
B0056,82,4.0,1.994,3.2885,14.88,273.73,1.1387,56.94
B0056,83,4.0,1.994,3.2916,14.94,273.73,1.1271,56.36
B0056,84,4.0,1.993,3.292,14.51,273.73,1.1102,55.51
B0056,85,4.0,1.994,3.2862,15.06,278.47,1.1345,56.72
B0056,86,4.0,1.993,3.2914,14.47,278.47,1.1085,55.42
B0056,87,4.0,1.993,3.3142,12.51,278.47,1.0768,53.84
B0056,88,4.0,1.993,3.2871,14.89,278.47,1.1284,56.42
B0056,89,4.0,1.993,3.29,14.64,278.47,1.1066,55.33
B0056,90,4.0,1.993,3.2697,15.54,275.58,1.2716,63.58
B0056,91,4.0,1.993,3.2887,14.71,276.36,1.2416,62.08
B0056,92,4.0,1.993,3.3001,14.28,276.36,1.1747,58.74
B0056,93,4.0,1.993,3.2918,14.74,276.36,1.1989,59.95
B0056,94,4.0,1.993,3.309,12.99,276.36,1.1461,57.3
B0056,95,4.0,1.993,3.3024,14.02,276.36,1.1292,56.46
B0056,96,4.0,1.993,3.3103,13.16,270.32,1.1103,55.52
B0056,97,4.0,1.993,3.2894,14.94,270.32,1.1539,57.69
B0056,98,4.0,1.993,3.3057,13.32,270.32,1.1302,56.51
B0056,99,4.0,1.993,3.2929,14.61,270.32,1.1259,56.29
B0056,100,4.0,1.993,3.294,14.21,270.32,1.143,57.15
B0056,101,4.0,1.993,3.2955,13.86,273.07,1.1373,56.86
B0056,102,4.0,1.993,3.2901,14.9,273.07,1.1291,56.46
